#---it-------t---------dt-------urms-------umax-------rhom--------brms---------TT2m--------Rmesh---
      0      0.000  2.13E-03  0.000E+00  0.000E+00  3.579E+01  2.72316E-03  2.37174E+01  1.133E+01
    100      0.211  2.10E-03  3.523E-02  1.246E-01  3.579E+01  3.17843E-04  2.38760E+01  1.151E+01
    200      0.420  2.08E-03  4.993E-02  1.466E-01  3.579E+01  1.50813E-04  2.40037E+01  1.159E+01
    300      0.627  2.07E-03  6.121E-02  1.866E-01  3.579E+01  9.38672E-05  2.41149E+01  1.165E+01
    400      0.834  2.07E-03  6.881E-02  2.174E-01  3.579E+01  6.63896E-05  2.42151E+01  1.166E+01
    500      1.041  2.07E-03  7.428E-02  2.479E-01  3.579E+01  5.06473E-05  2.43054E+01  1.167E+01
    600      1.247  2.06E-03  8.126E-02  2.523E-01  3.579E+01  4.06316E-05  2.43848E+01  1.174E+01
    700      1.453  2.06E-03  8.714E-02  2.837E-01  3.579E+01  3.37509E-05  2.44552E+01  1.174E+01
    800      1.658  2.05E-03  9.228E-02  2.846E-01  3.579E+01  2.87931E-05  2.45175E+01  1.178E+01
    900      1.861  2.02E-03  9.594E-02  2.904E-01  3.579E+01  2.50909E-05  2.45737E+01  1.195E+01
   1000      2.063  2.02E-03  9.989E-02  3.301E-01  3.579E+01  2.22367E-05  2.46251E+01  1.193E+01
   1100      2.265  2.02E-03  1.028E-01  3.285E-01  3.579E+01  1.99569E-05  2.46729E+01  1.196E+01
   1200      2.466  2.01E-03  1.067E-01  3.534E-01  3.579E+01  1.81111E-05  2.47169E+01  1.201E+01
   1300      2.667  2.00E-03  1.098E-01  3.675E-01  3.579E+01  1.65890E-05  2.47568E+01  1.206E+01
   1400      2.866  1.97E-03  1.145E-01  4.056E-01  3.579E+01  1.53249E-05  2.48033E+01  1.225E+01
   1500      3.056  1.84E-03  1.191E-01  4.720E-01  3.579E+01  1.42919E-05  2.48351E+01  1.310E+01
   1600      3.231  1.76E-03  1.241E-01  6.265E-01  3.579E+01  1.34694E-05  2.48598E+01  1.371E+01
   1700      3.400  1.65E-03  1.289E-01  7.749E-01  3.579E+01  1.27608E-05  2.48677E+01  1.460E+01
   1800      3.569  1.66E-03  1.341E-01  6.525E-01  3.579E+01  1.21349E-05  2.48765E+01  1.457E+01
   1900      3.730  1.52E-03  1.379E-01  9.367E-01  3.579E+01  1.16032E-05  2.48887E+01  1.590E+01
   2000      3.883  1.61E-03  1.416E-01  8.643E-01  3.579E+01  1.11445E-05  2.49022E+01  1.500E+01
   2100      4.041  1.50E-03  1.434E-01  9.892E-01  3.579E+01  1.07121E-05  2.49124E+01  1.606E+01
   2200      4.195  1.60E-03  1.460E-01  8.911E-01  3.579E+01  1.03283E-05  2.49267E+01  1.509E+01
   2300      4.347  1.55E-03  1.479E-01  9.676E-01  3.579E+01  9.98060E-06  2.49427E+01  1.557E+01
   2400      4.496  1.45E-03  1.500E-01  1.077E+00  3.579E+01  9.66417E-06  2.49543E+01  1.667E+01
   2500      4.651  1.69E-03  1.511E-01  9.609E-01  3.579E+01  9.36028E-06  2.49779E+01  1.430E+01
   2600      4.813  1.63E-03  1.537E-01  8.245E-01  3.579E+01  9.06758E-06  2.49918E+01  1.479E+01
   2700      4.976  1.62E-03  1.547E-01  7.586E-01  3.579E+01  8.79699E-06  2.50044E+01  1.493E+01
   2800      5.141  1.71E-03  1.571E-01  8.122E-01  3.579E+01  8.54156E-06  2.50133E+01  1.409E+01
   2900      5.303  1.58E-03  1.593E-01  9.187E-01  3.579E+01  8.30964E-06  2.50245E+01  1.524E+01
   3000      5.459  1.58E-03  1.600E-01  9.118E-01  3.579E+01  8.10208E-06  2.50350E+01  1.529E+01
   3100      5.608  1.53E-03  1.616E-01  9.874E-01  3.579E+01  7.91541E-06  2.50459E+01  1.575E+01
   3200      5.764  1.49E-03  1.633E-01  1.077E+00  3.579E+01  7.73087E-06  2.50647E+01  1.623E+01
   3300      5.920  1.52E-03  1.639E-01  1.040E+00  3.579E+01  7.55665E-06  2.50780E+01  1.586E+01
   3400      6.075  1.51E-03  1.648E-01  1.105E+00  3.579E+01  7.39350E-06  2.50857E+01  1.600E+01
   3500      6.225  1.68E-03  1.656E-01  8.695E-01  3.579E+01  7.24290E-06  2.51015E+01  1.441E+01
   3600      6.382  1.60E-03  1.664E-01  9.468E-01  3.579E+01  7.09419E-06  2.51189E+01  1.509E+01
   3700      6.544  1.50E-03  1.681E-01  1.114E+00  3.579E+01  6.94732E-06  2.51285E+01  1.614E+01
   3800      6.690  1.49E-03  1.682E-01  1.328E+00  3.579E+01  6.82064E-06  2.51392E+01  1.618E+01
   3900      6.840  1.66E-03  1.692E-01  8.857E-01  3.579E+01  6.69693E-06  2.51493E+01  1.453E+01
   4000      6.987  1.39E-03  1.701E-01  1.257E+00  3.579E+01  6.58032E-06  2.51583E+01  1.741E+01
   4100      7.143  1.61E-03  1.716E-01  1.214E+00  3.579E+01  6.46217E-06  2.51714E+01  1.500E+01
   4200      7.311  1.66E-03  1.722E-01  8.640E-01  3.579E+01  6.34301E-06  2.51804E+01  1.459E+01
   4300      7.473  1.68E-03  1.739E-01  1.050E+00  3.579E+01  6.23470E-06  2.51839E+01  1.438E+01
   4400      7.638  1.65E-03  1.745E-01  1.097E+00  3.579E+01  6.13088E-06  2.51841E+01  1.463E+01
   4500      7.799  1.66E-03  1.761E-01  9.461E-01  3.579E+01  6.03396E-06  2.51958E+01  1.450E+01
   4600      7.960  1.72E-03  1.771E-01  9.014E-01  3.579E+01  5.94412E-06  2.52125E+01  1.405E+01
   4700      8.126  1.62E-03  1.780E-01  9.483E-01  3.579E+01  5.85816E-06  2.52280E+01  1.495E+01
   4800      8.279  1.64E-03  1.787E-01  8.559E-01  3.579E+01  5.78049E-06  2.52390E+01  1.474E+01
   4900      8.447  1.69E-03  1.787E-01  1.016E+00  3.579E+01  5.69883E-06  2.52448E+01  1.429E+01
   5000      8.604  1.62E-03  1.795E-01  1.058E+00  3.579E+01  5.62440E-06  2.52533E+01  1.486E+01
   5100      8.773  1.76E-03  1.813E-01  9.406E-01  3.579E+01  5.55201E-06  2.52538E+01  1.374E+01
   5200      8.940  1.62E-03  1.806E-01  9.266E-01  3.579E+01  5.48466E-06  2.52532E+01  1.490E+01
   5300      9.101  1.62E-03  1.814E-01  8.863E-01  3.579E+01  5.42119E-06  2.52493E+01  1.493E+01
   5400      9.262  1.70E-03  1.826E-01  9.235E-01  3.579E+01  5.35914E-06  2.52482E+01  1.418E+01
   5500      9.425  1.55E-03  1.829E-01  1.125E+00  3.579E+01  5.29898E-06  2.52502E+01  1.556E+01
   5600      9.570  1.38E-03  1.831E-01  1.242E+00  3.579E+01  5.24734E-06  2.52611E+01  1.745E+01
   5700      9.726  1.43E-03  1.839E-01  1.152E+00  3.579E+01  5.19455E-06  2.52700E+01  1.685E+01
   5800      9.885  1.72E-03  1.849E-01  9.045E-01  3.579E+01  5.14257E-06  2.52720E+01  1.404E+01
   5900     10.048  1.67E-03  1.848E-01  8.234E-01  3.579E+01  5.08943E-06  2.52769E+01  1.443E+01
   6000     10.216  1.62E-03  1.846E-01  1.009E+00  3.579E+01  5.03790E-06  2.52855E+01  1.488E+01
   6100     10.383  1.62E-03  1.864E-01  1.238E+00  3.579E+01  4.98779E-06  2.53049E+01  1.487E+01
   6200     10.545  1.71E-03  1.877E-01  1.189E+00  3.579E+01  4.93831E-06  2.53324E+01  1.415E+01
   6300     10.710  1.70E-03  1.870E-01  1.019E+00  3.579E+01  4.88868E-06  2.53502E+01  1.421E+01
   6400     10.869  1.49E-03  1.872E-01  1.060E+00  3.579E+01  4.84257E-06  2.53652E+01  1.620E+01
   6500     11.022  1.68E-03  1.869E-01  9.916E-01  3.579E+01  4.79896E-06  2.53875E+01  1.434E+01
   6600     11.190  1.62E-03  1.872E-01  9.512E-01  3.579E+01  4.75221E-06  2.53985E+01  1.495E+01
   6700     11.348  1.65E-03  1.871E-01  1.060E+00  3.579E+01  4.70881E-06  2.54073E+01  1.465E+01
   6800     11.505  1.60E-03  1.889E-01  9.590E-01  3.579E+01  4.66822E-06  2.54128E+01  1.507E+01
   6900     11.669  1.55E-03  1.889E-01  1.190E+00  3.579E+01  4.62760E-06  2.54184E+01  1.556E+01
   7000     11.834  1.69E-03  1.890E-01  8.852E-01  3.579E+01  4.58935E-06  2.54168E+01  1.430E+01
   7100     11.997  1.49E-03  1.881E-01  1.044E+00  3.579E+01  4.55212E-06  2.54144E+01  1.618E+01
   7200     12.158  1.55E-03  1.886E-01  1.090E+00  3.579E+01  4.51514E-06  2.54185E+01  1.553E+01
   7300     12.322  1.69E-03  1.897E-01  1.021E+00  3.579E+01  4.47752E-06  2.54241E+01  1.431E+01
   7400     12.485  1.62E-03  1.892E-01  1.060E+00  3.579E+01  4.44169E-06  2.54214E+01  1.493E+01
   7500     12.639  1.66E-03  1.899E-01  1.258E+00  3.579E+01  4.40866E-06  2.54167E+01  1.456E+01
   7600     12.806  1.58E-03  1.897E-01  9.615E-01  3.579E+01  4.37527E-06  2.54159E+01  1.527E+01
   7700     12.967  1.51E-03  1.904E-01  1.128E+00  3.579E+01  4.34424E-06  2.54220E+01  1.601E+01
   7800     13.131  1.74E-03  1.912E-01  9.786E-01  3.579E+01  4.31265E-06  2.54214E+01  1.389E+01
   7900     13.293  1.51E-03  1.909E-01  1.355E+00  3.579E+01  4.28091E-06  2.54155E+01  1.601E+01
   8000     13.445  1.60E-03  1.903E-01  1.094E+00  3.579E+01  4.25073E-06  2.54193E+01  1.510E+01
   8100     13.611  1.65E-03  1.914E-01  1.183E+00  3.579E+01  4.21722E-06  2.54378E+01  1.464E+01
   8200     13.777  1.64E-03  1.912E-01  9.504E-01  3.579E+01  4.18504E-06  2.54540E+01  1.469E+01
   8300     13.932  1.46E-03  1.923E-01  1.509E+00  3.579E+01  4.15749E-06  2.54606E+01  1.651E+01
   8400     14.088  1.74E-03  1.921E-01  9.077E-01  3.579E+01  4.13179E-06  2.54673E+01  1.389E+01
   8500     14.254  1.68E-03  1.921E-01  1.150E+00  3.579E+01  4.10480E-06  2.54595E+01  1.436E+01
   8600     14.425  1.65E-03  1.915E-01  1.172E+00  3.579E+01  4.07629E-06  2.54592E+01  1.466E+01
   8700     14.590  1.73E-03  1.918E-01  8.718E-01  3.579E+01  4.05061E-06  2.54621E+01  1.395E+01
   8800     14.759  1.64E-03  1.926E-01  9.435E-01  3.579E+01  4.02501E-06  2.54768E+01  1.473E+01
   8900     14.917  1.48E-03  1.919E-01  1.091E+00  3.579E+01  4.00043E-06  2.54916E+01  1.633E+01
   9000     15.080  1.54E-03  1.925E-01  1.072E+00  3.579E+01  3.97526E-06  2.54898E+01  1.573E+01
   9100     15.227  1.62E-03  1.926E-01  9.321E-01  3.579E+01  3.95336E-06  2.54901E+01  1.488E+01
   9200     15.387  1.63E-03  1.913E-01  9.908E-01  3.579E+01  3.93097E-06  2.54948E+01  1.484E+01
   9300     15.552  1.53E-03  1.914E-01  1.260E+00  3.579E+01  3.90634E-06  2.54937E+01  1.582E+01
   9400     15.701  1.56E-03  1.922E-01  1.118E+00  3.579E+01  3.88434E-06  2.54870E+01  1.544E+01
   9500     15.864  1.61E-03  1.926E-01  1.251E+00  3.579E+01  3.86161E-06  2.54942E+01  1.499E+01
   9600     16.022  1.67E-03  1.930E-01  1.155E+00  3.579E+01  3.84113E-06  2.54980E+01  1.446E+01
   9700     16.187  1.55E-03  1.923E-01  1.015E+00  3.579E+01  3.81903E-06  2.55134E+01  1.553E+01
   9800     16.345  1.54E-03  1.922E-01  9.607E-01  3.579E+01  3.79822E-06  2.55285E+01  1.564E+01
   9900     16.505  1.54E-03  1.929E-01  8.986E-01  3.579E+01  3.77660E-06  2.55347E+01  1.571E+01
  10000     16.667  1.45E-03  1.937E-01  1.210E+00  3.579E+01  3.75606E-06  2.55419E+01  1.667E+01
  10100     16.819  1.70E-03  1.943E-01  1.070E+00  3.579E+01  3.73740E-06  2.55394E+01  1.422E+01
  10200     16.982  1.31E-03  1.944E-01  1.490E+00  3.579E+01  3.71871E-06  2.55352E+01  1.850E+01
  10300     17.133  1.55E-03  1.926E-01  9.968E-01  3.579E+01  3.70008E-06  2.55452E+01  1.561E+01
  10400     17.288  1.61E-03  1.931E-01  9.894E-01  3.579E+01  3.67968E-06  2.55511E+01  1.496E+01
  10500     17.457  1.60E-03  1.927E-01  1.095E+00  3.579E+01  3.65718E-06  2.55436E+01  1.513E+01
  10600     17.614  1.63E-03  1.932E-01  9.071E-01  3.579E+01  3.63819E-06  2.55368E+01  1.481E+01
  10700     17.779  1.62E-03  1.930E-01  9.876E-01  3.579E+01  3.61939E-06  2.55366E+01  1.491E+01
  10800     17.935  1.62E-03  1.935E-01  8.942E-01  3.579E+01  3.60028E-06  2.55437E+01  1.493E+01
  10900     18.100  1.67E-03  1.932E-01  9.478E-01  3.579E+01  3.57914E-06  2.55488E+01  1.443E+01
  11000     18.268  1.61E-03  1.937E-01  1.014E+00  3.579E+01  3.55893E-06  2.55389E+01  1.497E+01
  11100     18.426  1.54E-03  1.939E-01  1.123E+00  3.579E+01  3.54086E-06  2.55267E+01  1.570E+01
  11200     18.574  1.53E-03  1.930E-01  1.060E+00  3.579E+01  3.52457E-06  2.55257E+01  1.578E+01
  11300     18.728  1.56E-03  1.928E-01  9.428E-01  3.579E+01  3.50711E-06  2.55302E+01  1.544E+01
  11400     18.887  1.48E-03  1.928E-01  1.072E+00  3.579E+01  3.48910E-06  2.55316E+01  1.630E+01
  11500     19.048  1.72E-03  1.931E-01  1.020E+00  3.579E+01  3.47057E-06  2.55314E+01  1.403E+01
  11600     19.219  1.68E-03  1.936E-01  1.126E+00  3.579E+01  3.45197E-06  2.55318E+01  1.441E+01
  11700     19.385  1.62E-03  1.943E-01  1.077E+00  3.579E+01  3.43461E-06  2.55562E+01  1.492E+01
  11800     19.550  1.65E-03  1.940E-01  1.030E+00  3.579E+01  3.41743E-06  2.55744E+01  1.468E+01
  11900     19.712  1.70E-03  1.945E-01  9.727E-01  3.579E+01  3.40051E-06  2.55837E+01  1.417E+01
  12000     19.882  1.61E-03  1.947E-01  1.060E+00  3.579E+01  3.38421E-06  2.55848E+01  1.502E+01
  12100     20.043  1.36E-03  1.952E-01  1.417E+00  3.579E+01  3.37049E-06  2.55854E+01  1.771E+01
  12200     20.190  1.52E-03  1.941E-01  1.006E+00  3.579E+01  3.35770E-06  2.55872E+01  1.586E+01
  12300     20.349  1.73E-03  1.938E-01  9.796E-01  3.579E+01  3.34348E-06  2.55771E+01  1.396E+01
  12400     20.504  1.63E-03  1.941E-01  9.676E-01  3.579E+01  3.32934E-06  2.55698E+01  1.482E+01
  12500     20.667  1.59E-03  1.942E-01  1.351E+00  3.579E+01  3.31380E-06  2.55753E+01  1.521E+01
  12600     20.835  1.66E-03  1.933E-01  1.044E+00  3.579E+01  3.29738E-06  2.55764E+01  1.458E+01
  12700     21.006  1.68E-03  1.943E-01  1.007E+00  3.579E+01  3.27958E-06  2.55822E+01  1.435E+01
  12800     21.162  1.62E-03  1.948E-01  9.379E-01  3.579E+01  3.26523E-06  2.55972E+01  1.491E+01
  12900     21.322  1.67E-03  1.938E-01  9.663E-01  3.579E+01  3.25118E-06  2.56009E+01  1.449E+01
  13000     21.483  1.66E-03  1.937E-01  9.922E-01  3.579E+01  3.23643E-06  2.56038E+01  1.452E+01
  13100     21.650  1.72E-03  1.938E-01  9.261E-01  3.579E+01  3.21956E-06  2.55994E+01  1.401E+01
  13200     21.822  1.72E-03  1.941E-01  9.641E-01  3.579E+01  3.20312E-06  2.56021E+01  1.406E+01
  13300     21.994  1.70E-03  1.936E-01  1.170E+00  3.579E+01  3.18773E-06  2.55911E+01  1.420E+01
  13400     22.157  1.63E-03  1.939E-01  1.177E+00  3.579E+01  3.17280E-06  2.55767E+01  1.484E+01
  13500     22.316  1.73E-03  1.938E-01  9.269E-01  3.579E+01  3.15857E-06  2.55698E+01  1.398E+01
  13600     22.482  1.68E-03  1.935E-01  9.725E-01  3.579E+01  3.14450E-06  2.55678E+01  1.435E+01
  13700     22.657  1.66E-03  1.932E-01  9.255E-01  3.579E+01  3.12878E-06  2.55750E+01  1.451E+01
  13800     22.825  1.74E-03  1.932E-01  1.041E+00  3.579E+01  3.11259E-06  2.55915E+01  1.386E+01
  13900     22.996  1.65E-03  1.941E-01  9.777E-01  3.579E+01  3.09687E-06  2.55886E+01  1.468E+01
  14000     23.159  1.63E-03  1.945E-01  1.006E+00  3.579E+01  3.08237E-06  2.55890E+01  1.483E+01
  14100     23.308  1.53E-03  1.948E-01  1.018E+00  3.579E+01  3.07029E-06  2.55882E+01  1.581E+01
  14200     23.467  1.65E-03  1.936E-01  9.522E-01  3.579E+01  3.05711E-06  2.55874E+01  1.463E+01
  14300     23.630  1.54E-03  1.939E-01  1.154E+00  3.579E+01  3.04155E-06  2.55913E+01  1.570E+01
  14400     23.793  1.60E-03  1.939E-01  9.085E-01  3.579E+01  3.02543E-06  2.55937E+01  1.509E+01
  14500     23.947  1.60E-03  1.940E-01  9.476E-01  3.579E+01  3.01054E-06  2.55975E+01  1.512E+01
  14600     24.117  1.79E-03  1.940E-01  1.047E+00  3.579E+01  2.99504E-06  2.55930E+01  1.349E+01
  14700     24.282  1.65E-03  1.942E-01  9.747E-01  3.579E+01  2.98139E-06  2.55855E+01  1.459E+01
  14800     24.442  1.63E-03  1.946E-01  1.029E+00  3.579E+01  2.96845E-06  2.55877E+01  1.481E+01
  14900     24.612  1.67E-03  1.938E-01  1.035E+00  3.579E+01  2.95315E-06  2.55852E+01  1.444E+01
  15000     24.768  1.63E-03  1.929E-01  1.076E+00  3.579E+01  2.93859E-06  2.56034E+01  1.486E+01
  15100     24.934  1.60E-03  1.936E-01  9.498E-01  3.579E+01  2.92381E-06  2.56143E+01  1.506E+01
  15200     25.099  1.59E-03  1.936E-01  9.456E-01  3.579E+01  2.90903E-06  2.56086E+01  1.518E+01
  15300     25.256  1.52E-03  1.940E-01  1.037E+00  3.579E+01  2.89484E-06  2.56145E+01  1.587E+01
  15400     25.418  1.67E-03  1.954E-01  9.583E-01  3.578E+01  2.88163E-06  2.56259E+01  1.445E+01
  15500     25.576  1.52E-03  1.957E-01  1.134E+00  3.579E+01  2.87050E-06  2.56210E+01  1.592E+01
  15600     25.744  1.59E-03  1.959E-01  1.129E+00  3.578E+01  2.85892E-06  2.56166E+01  1.517E+01
  15700     25.901  1.63E-03  1.959E-01  9.660E-01  3.578E+01  2.84702E-06  2.56098E+01  1.481E+01
  15800     26.068  1.50E-03  1.959E-01  1.088E+00  3.578E+01  2.83509E-06  2.56031E+01  1.605E+01
  15900     26.221  1.60E-03  1.949E-01  9.178E-01  3.578E+01  2.82416E-06  2.56032E+01  1.511E+01
  16000     26.385  1.69E-03  1.955E-01  1.085E+00  3.578E+01  2.81291E-06  2.55932E+01  1.431E+01
  16100     26.555  1.65E-03  1.955E-01  8.463E-01  3.578E+01  2.80182E-06  2.55967E+01  1.460E+01
  16200     26.716  1.65E-03  1.953E-01  1.167E+00  3.578E+01  2.79323E-06  2.56026E+01  1.463E+01
  16300     26.878  1.32E-03  1.956E-01  1.436E+00  3.578E+01  2.78314E-06  2.56029E+01  1.831E+01
  16400     27.027  1.59E-03  1.951E-01  1.274E+00  3.578E+01  2.77307E-06  2.56016E+01  1.517E+01
  16500     27.188  1.43E-03  1.930E-01  1.351E+00  3.578E+01  2.76163E-06  2.56072E+01  1.690E+01
  16600     27.343  1.51E-03  1.929E-01  1.200E+00  3.578E+01  2.75179E-06  2.56015E+01  1.604E+01
  16700     27.503  1.72E-03  1.941E-01  1.049E+00  3.578E+01  2.74241E-06  2.56017E+01  1.405E+01
  16800     27.670  1.66E-03  1.937E-01  1.284E+00  3.578E+01  2.73101E-06  2.55899E+01  1.454E+01
  16900     27.834  1.71E-03  1.939E-01  1.036E+00  3.578E+01  2.72030E-06  2.55808E+01  1.411E+01
  17000     28.007  1.68E-03  1.934E-01  9.606E-01  3.578E+01  2.71034E-06  2.55700E+01  1.435E+01
  17100     28.164  1.62E-03  1.932E-01  1.087E+00  3.578E+01  2.70105E-06  2.55678E+01  1.493E+01
  17200     28.327  1.69E-03  1.931E-01  9.769E-01  3.578E+01  2.69017E-06  2.55778E+01  1.429E+01
  17300     28.490  1.57E-03  1.934E-01  9.059E-01  3.578E+01  2.67748E-06  2.55870E+01  1.536E+01
  17400     28.654  1.64E-03  1.932E-01  1.068E+00  3.578E+01  2.66455E-06  2.55985E+01  1.471E+01
  17500     28.819  1.59E-03  1.935E-01  9.418E-01  3.578E+01  2.65129E-06  2.56054E+01  1.519E+01
  17600     28.976  1.41E-03  1.934E-01  1.179E+00  3.578E+01  2.63873E-06  2.56081E+01  1.714E+01
  17700     29.125  1.47E-03  1.929E-01  1.141E+00  3.578E+01  2.62644E-06  2.56002E+01  1.645E+01
  17800     29.285  1.64E-03  1.943E-01  9.832E-01  3.578E+01  2.61498E-06  2.55973E+01  1.469E+01
  17900     29.446  1.61E-03  1.942E-01  1.052E+00  3.578E+01  2.60414E-06  2.56147E+01  1.502E+01
  18000     29.607  1.57E-03  1.940E-01  9.635E-01  3.578E+01  2.59196E-06  2.56247E+01  1.538E+01
  18100     29.764  1.61E-03  1.937E-01  9.962E-01  3.578E+01  2.57981E-06  2.56232E+01  1.498E+01
  18200     29.933  1.70E-03  1.950E-01  1.123E+00  3.578E+01  2.56780E-06  2.56195E+01  1.420E+01
  18300     30.097  1.54E-03  1.937E-01  1.181E+00  3.578E+01  2.55690E-06  2.56170E+01  1.567E+01
  18400     30.257  1.64E-03  1.935E-01  1.121E+00  3.578E+01  2.54647E-06  2.56155E+01  1.475E+01
  18500     30.417  1.65E-03  1.947E-01  9.790E-01  3.578E+01  2.53528E-06  2.56196E+01  1.464E+01
  18600     30.578  1.65E-03  1.945E-01  1.180E+00  3.578E+01  2.52394E-06  2.56299E+01  1.462E+01
  18700     30.742  1.59E-03  1.951E-01  1.087E+00  3.578E+01  2.51379E-06  2.56330E+01  1.515E+01
  18800     30.906  1.72E-03  1.956E-01  9.656E-01  3.578E+01  2.50190E-06  2.56354E+01  1.401E+01
  18900     31.071  1.59E-03  1.951E-01  1.043E+00  3.578E+01  2.49075E-06  2.56392E+01  1.523E+01
  19000     31.235  1.63E-03  1.958E-01  9.292E-01  3.578E+01  2.47923E-06  2.56206E+01  1.479E+01
  19100     31.399  1.75E-03  1.953E-01  9.359E-01  3.578E+01  2.46790E-06  2.56047E+01  1.379E+01
  19200     31.567  1.65E-03  1.947E-01  1.194E+00  3.578E+01  2.45648E-06  2.55972E+01  1.462E+01
  19300     31.725  1.50E-03  1.946E-01  1.395E+00  3.578E+01  2.44558E-06  2.55900E+01  1.610E+01
  19400     31.892  1.68E-03  1.949E-01  1.195E+00  3.578E+01  2.43288E-06  2.55859E+01  1.435E+01
  19500     32.060  1.66E-03  1.957E-01  9.675E-01  3.578E+01  2.42117E-06  2.55941E+01  1.453E+01
  19600     32.222  1.62E-03  1.954E-01  9.042E-01  3.578E+01  2.41075E-06  2.56037E+01  1.492E+01
  19700     32.383  1.66E-03  1.956E-01  1.224E+00  3.578E+01  2.40181E-06  2.56063E+01  1.451E+01
  19800     32.551  1.70E-03  1.958E-01  8.969E-01  3.578E+01  2.39237E-06  2.56066E+01  1.419E+01
  19900     32.715  1.65E-03  1.954E-01  1.028E+00  3.578E+01  2.38154E-06  2.56124E+01  1.460E+01
  20000     32.882  1.76E-03  1.942E-01  9.174E-01  3.578E+01  2.37093E-06  2.56144E+01  1.369E+01
  20100     33.050  1.58E-03  1.939E-01  1.099E+00  3.578E+01  2.35947E-06  2.56112E+01  1.532E+01
  20200     33.209  1.61E-03  1.940E-01  1.120E+00  3.578E+01  2.34903E-06  2.56110E+01  1.503E+01
  20300     33.370  1.65E-03  1.944E-01  1.002E+00  3.578E+01  2.33969E-06  2.56025E+01  1.465E+01
  20400     33.538  1.67E-03  1.961E-01  1.011E+00  3.578E+01  2.33009E-06  2.55906E+01  1.442E+01
  20500     33.710  1.72E-03  1.957E-01  1.048E+00  3.578E+01  2.32022E-06  2.55822E+01  1.401E+01
  20600     33.866  1.53E-03  1.949E-01  9.829E-01  3.578E+01  2.31180E-06  2.55844E+01  1.575E+01
  20700     34.025  1.63E-03  1.944E-01  8.935E-01  3.578E+01  2.30420E-06  2.55908E+01  1.481E+01
  20800     34.191  1.49E-03  1.949E-01  1.167E+00  3.578E+01  2.29569E-06  2.55970E+01  1.620E+01
  20900     34.351  1.61E-03  1.945E-01  1.008E+00  3.578E+01  2.28741E-06  2.56156E+01  1.499E+01
  21000     34.512  1.56E-03  1.938E-01  9.651E-01  3.578E+01  2.27990E-06  2.56313E+01  1.550E+01
  21100     34.666  1.57E-03  1.948E-01  1.332E+00  3.578E+01  2.27253E-06  2.56283E+01  1.538E+01
  21200     34.831  1.70E-03  1.946E-01  1.128E+00  3.578E+01  2.26424E-06  2.56258E+01  1.420E+01
  21300     34.994  1.44E-03  1.950E-01  1.413E+00  3.578E+01  2.25696E-06  2.56296E+01  1.675E+01
  21400     35.152  1.61E-03  1.960E-01  9.919E-01  3.578E+01  2.24875E-06  2.56413E+01  1.496E+01
  21500     35.315  1.72E-03  1.958E-01  8.808E-01  3.578E+01  2.23989E-06  2.56470E+01  1.403E+01
  21600     35.480  1.48E-03  1.959E-01  1.036E+00  3.578E+01  2.23124E-06  2.56394E+01  1.637E+01
  21700     35.639  1.63E-03  1.955E-01  8.253E-01  3.578E+01  2.22360E-06  2.56343E+01  1.481E+01
  21800     35.808  1.78E-03  1.952E-01  9.737E-01  3.578E+01  2.21554E-06  2.56203E+01  1.356E+01
  21900     35.973  1.55E-03  1.958E-01  1.022E+00  3.578E+01  2.20764E-06  2.56190E+01  1.559E+01
  22000     36.134  1.70E-03  1.970E-01  1.083E+00  3.578E+01  2.20043E-06  2.56154E+01  1.418E+01
  22100     36.295  1.49E-03  1.966E-01  1.047E+00  3.578E+01  2.19405E-06  2.56151E+01  1.619E+01
  22200     36.459  1.73E-03  1.965E-01  1.054E+00  3.578E+01  2.18711E-06  2.56192E+01  1.397E+01
  22300     36.617  1.62E-03  1.968E-01  1.126E+00  3.578E+01  2.18013E-06  2.56222E+01  1.495E+01
  22400     36.782  1.69E-03  1.978E-01  9.654E-01  3.578E+01  2.17273E-06  2.56201E+01  1.432E+01
  22500     36.934  1.69E-03  1.978E-01  9.785E-01  3.578E+01  2.16579E-06  2.56174E+01  1.429E+01
  22600     37.098  1.61E-03  1.983E-01  1.303E+00  3.578E+01  2.15889E-06  2.56117E+01  1.498E+01
  22700     37.264  1.71E-03  1.982E-01  9.184E-01  3.578E+01  2.15227E-06  2.55986E+01  1.411E+01
  22800     37.428  1.61E-03  1.979E-01  9.825E-01  3.578E+01  2.14515E-06  2.55927E+01  1.501E+01
  22900     37.584  1.60E-03  1.976E-01  1.017E+00  3.578E+01  2.13867E-06  2.55973E+01  1.507E+01
  23000     37.744  1.61E-03  1.981E-01  1.061E+00  3.578E+01  2.13252E-06  2.55984E+01  1.504E+01
  23100     37.903  1.63E-03  1.979E-01  9.087E-01  3.578E+01  2.12588E-06  2.56015E+01  1.486E+01
  23200     38.071  1.64E-03  1.982E-01  9.571E-01  3.578E+01  2.11872E-06  2.56148E+01  1.472E+01
  23300     38.234  1.45E-03  1.972E-01  1.307E+00  3.578E+01  2.11289E-06  2.56201E+01  1.661E+01
  23400     38.389  1.70E-03  1.962E-01  1.153E+00  3.578E+01  2.10663E-06  2.56185E+01  1.417E+01
  23500     38.549  1.61E-03  1.967E-01  1.309E+00  3.578E+01  2.09944E-06  2.56231E+01  1.499E+01
  23600     38.710  1.76E-03  1.978E-01  1.030E+00  3.578E+01  2.09170E-06  2.56279E+01  1.370E+01
  23700     38.886  1.72E-03  1.967E-01  1.064E+00  3.578E+01  2.08513E-06  2.56223E+01  1.406E+01
  23800     39.039  1.39E-03  1.965E-01  1.476E+00  3.578E+01  2.08024E-06  2.56153E+01  1.735E+01
  23900     39.190  1.69E-03  1.968E-01  9.620E-01  3.578E+01  2.07391E-06  2.56129E+01  1.431E+01
  24000     39.350  1.69E-03  1.967E-01  1.036E+00  3.578E+01  2.06733E-06  2.56039E+01  1.431E+01
  24100     39.507  1.67E-03  1.969E-01  1.058E+00  3.578E+01  2.06109E-06  2.55973E+01  1.446E+01
  24200     39.673  1.62E-03  1.974E-01  1.014E+00  3.578E+01  2.05447E-06  2.55951E+01  1.493E+01
  24300     39.833  1.60E-03  1.975E-01  1.074E+00  3.578E+01  2.04782E-06  2.56065E+01  1.512E+01
  24400     39.990  1.66E-03  1.983E-01  1.010E+00  3.578E+01  2.04129E-06  2.56257E+01  1.451E+01
  24500     40.158  1.73E-03  1.980E-01  8.809E-01  3.578E+01  2.03430E-06  2.56446E+01  1.392E+01
  24600     40.326  1.68E-03  1.976E-01  8.647E-01  3.578E+01  2.02808E-06  2.56388E+01  1.441E+01
  24700     40.489  1.63E-03  1.967E-01  9.776E-01  3.578E+01  2.02160E-06  2.56296E+01  1.482E+01
  24800     40.656  1.57E-03  1.974E-01  9.949E-01  3.578E+01  2.01549E-06  2.56252E+01  1.541E+01
  24900     40.814  1.64E-03  1.972E-01  9.458E-01  3.578E+01  2.00943E-06  2.56249E+01  1.472E+01
  25000     40.979  1.66E-03  1.971E-01  1.232E+00  3.578E+01  2.00208E-06  2.56371E+01  1.451E+01
  25100     41.131  1.57E-03  1.973E-01  1.006E+00  3.578E+01  1.99576E-06  2.56354E+01  1.540E+01
  25200     41.278  1.57E-03  1.963E-01  1.023E+00  3.578E+01  1.98929E-06  2.56316E+01  1.538E+01
  25300     41.442  1.56E-03  1.954E-01  9.259E-01  3.578E+01  1.98127E-06  2.56238E+01  1.550E+01
  25400     41.591  1.51E-03  1.949E-01  9.400E-01  3.578E+01  1.97468E-06  2.56129E+01  1.596E+01
  25500     41.749  1.54E-03  1.965E-01  1.029E+00  3.578E+01  1.96803E-06  2.56013E+01  1.573E+01
  25600     41.912  1.55E-03  1.967E-01  1.125E+00  3.578E+01  1.96007E-06  2.55982E+01  1.558E+01
  25700     42.072  1.72E-03  1.954E-01  1.128E+00  3.578E+01  1.95218E-06  2.56045E+01  1.402E+01
  25800     42.239  1.72E-03  1.962E-01  1.229E+00  3.578E+01  1.94432E-06  2.56094E+01  1.403E+01
  25900     42.402  1.60E-03  1.970E-01  9.662E-01  3.578E+01  1.93722E-06  2.56117E+01  1.509E+01
  26000     42.568  1.65E-03  1.961E-01  9.917E-01  3.578E+01  1.93096E-06  2.56080E+01  1.464E+01
  26100     42.727  1.55E-03  1.953E-01  1.130E+00  3.578E+01  1.92472E-06  2.56079E+01  1.558E+01
  26200     42.880  1.53E-03  1.960E-01  1.189E+00  3.578E+01  1.91735E-06  2.56149E+01  1.580E+01
  26300     43.040  1.54E-03  1.969E-01  9.931E-01  3.578E+01  1.90964E-06  2.56127E+01  1.569E+01
  26400     43.198  1.53E-03  1.970E-01  9.910E-01  3.578E+01  1.90274E-06  2.56144E+01  1.577E+01
  26500     43.362  1.74E-03  1.957E-01  8.447E-01  3.578E+01  1.89528E-06  2.56251E+01  1.390E+01
  26600     43.529  1.65E-03  1.951E-01  9.776E-01  3.578E+01  1.88783E-06  2.56248E+01  1.467E+01
  26700     43.689  1.41E-03  1.952E-01  1.196E+00  3.578E+01  1.87980E-06  2.56303E+01  1.713E+01
  26800     43.842  1.69E-03  1.960E-01  1.195E+00  3.578E+01  1.87232E-06  2.56328E+01  1.425E+01
  26900     44.002  1.69E-03  1.954E-01  9.928E-01  3.578E+01  1.86487E-06  2.56405E+01  1.433E+01
  27000     44.160  1.32E-03  1.949E-01  1.157E+00  3.578E+01  1.85691E-06  2.56452E+01  1.830E+01
  27100     44.316  1.52E-03  1.957E-01  1.184E+00  3.578E+01  1.84902E-06  2.56339E+01  1.590E+01
  27200     44.471  1.54E-03  1.946E-01  1.044E+00  3.578E+01  1.84146E-06  2.56251E+01  1.570E+01
  27300     44.623  1.57E-03  1.937E-01  8.181E-01  3.578E+01  1.83438E-06  2.56257E+01  1.540E+01
  27400     44.790  1.68E-03  1.947E-01  1.003E+00  3.578E+01  1.82704E-06  2.56256E+01  1.433E+01
  27500     44.958  1.60E-03  1.947E-01  9.603E-01  3.578E+01  1.81967E-06  2.56156E+01  1.514E+01
  27600     45.121  1.57E-03  1.943E-01  1.203E+00  3.578E+01  1.81279E-06  2.56099E+01  1.540E+01
  27700     45.285  1.72E-03  1.946E-01  1.155E+00  3.578E+01  1.80602E-06  2.56056E+01  1.401E+01
  27800     45.448  1.59E-03  1.947E-01  8.881E-01  3.577E+01  1.79943E-06  2.56128E+01  1.518E+01
  27900     45.617  1.74E-03  1.959E-01  1.057E+00  3.577E+01  1.79254E-06  2.56301E+01  1.390E+01
  28000     45.783  1.57E-03  1.963E-01  9.072E-01  3.577E+01  1.78650E-06  2.56470E+01  1.542E+01
  28100     45.946  1.61E-03  1.963E-01  9.899E-01  3.577E+01  1.78081E-06  2.56549E+01  1.499E+01
  28200     46.109  1.67E-03  1.965E-01  9.224E-01  3.577E+01  1.77497E-06  2.56404E+01  1.442E+01
  28300     46.275  1.69E-03  1.968E-01  9.271E-01  3.577E+01  1.76944E-06  2.56296E+01  1.425E+01
  28400     46.443  1.66E-03  1.959E-01  9.975E-01  3.577E+01  1.76348E-06  2.56306E+01  1.451E+01
  28500     46.608  1.57E-03  1.957E-01  1.093E+00  3.577E+01  1.75679E-06  2.56390E+01  1.536E+01
  28600     46.771  1.63E-03  1.951E-01  9.200E-01  3.577E+01  1.75048E-06  2.56395E+01  1.485E+01
  28700     46.930  1.64E-03  1.960E-01  9.848E-01  3.577E+01  1.74472E-06  2.56315E+01  1.471E+01
  28800     47.099  1.70E-03  1.955E-01  1.201E+00  3.577E+01  1.73866E-06  2.56249E+01  1.423E+01
  28900     47.258  1.51E-03  1.950E-01  1.031E+00  3.577E+01  1.73334E-06  2.56210E+01  1.599E+01
  29000     47.419  1.71E-03  1.954E-01  9.898E-01  3.577E+01  1.72799E-06  2.56197E+01  1.409E+01
  29100     47.576  1.47E-03  1.951E-01  1.124E+00  3.577E+01  1.72230E-06  2.56109E+01  1.645E+01
  29200     47.739  1.74E-03  1.946E-01  8.976E-01  3.577E+01  1.71531E-06  2.55964E+01  1.389E+01
  29300     47.903  1.58E-03  1.947E-01  1.222E+00  3.577E+01  1.70858E-06  2.55950E+01  1.524E+01
  29400     48.060  1.58E-03  1.946E-01  1.043E+00  3.577E+01  1.70255E-06  2.56037E+01  1.531E+01
  29500     48.227  1.75E-03  1.941E-01  8.867E-01  3.577E+01  1.69634E-06  2.56111E+01  1.377E+01
  29600     48.387  1.64E-03  1.941E-01  1.178E+00  3.577E+01  1.69003E-06  2.56086E+01  1.475E+01
  29700     48.549  1.62E-03  1.945E-01  9.243E-01  3.577E+01  1.68324E-06  2.56178E+01  1.493E+01
  29800     48.716  1.68E-03  1.959E-01  1.055E+00  3.577E+01  1.67681E-06  2.56398E+01  1.441E+01
  29900     48.877  1.56E-03  1.960E-01  1.061E+00  3.577E+01  1.67126E-06  2.56508E+01  1.551E+01
  30000     49.035  1.64E-03  1.951E-01  1.184E+00  3.577E+01  1.66568E-06  2.56489E+01  1.476E+01
  30100     49.202  1.71E-03  1.951E-01  9.923E-01  3.577E+01  1.65888E-06  2.56505E+01  1.415E+01
  30200     49.365  1.58E-03  1.944E-01  1.078E+00  3.577E+01  1.65159E-06  2.56546E+01  1.531E+01
  30300     49.528  1.68E-03  1.940E-01  1.025E+00  3.577E+01  1.64471E-06  2.56518E+01  1.434E+01
  30400     49.696  1.43E-03  1.940E-01  1.889E+00  3.577E+01  1.63811E-06  2.56389E+01  1.695E+01
  30500     49.830  1.43E-03  1.947E-01  1.147E+00  3.577E+01  1.63289E-06  2.56281E+01  1.683E+01
  30600     49.986  1.62E-03  1.951E-01  9.103E-01  3.577E+01  1.62680E-06  2.56233E+01  1.486E+01
  30700     50.154  1.76E-03  1.947E-01  1.015E+00  3.577E+01  1.62082E-06  2.56322E+01  1.370E+01
  30800     50.325  1.72E-03  1.953E-01  9.187E-01  3.577E+01  1.61501E-06  2.56405E+01  1.400E+01
  30900     50.488  1.58E-03  1.943E-01  1.028E+00  3.577E+01  1.60985E-06  2.56493E+01  1.526E+01
  31000     50.637  1.60E-03  1.940E-01  1.193E+00  3.577E+01  1.60487E-06  2.56471E+01  1.507E+01
  31100     50.802  1.75E-03  1.943E-01  1.159E+00  3.577E+01  1.59937E-06  2.56353E+01  1.378E+01
  31200     50.963  1.36E-03  1.949E-01  1.434E+00  3.577E+01  1.59436E-06  2.56220E+01  1.778E+01
  31300     51.115  1.56E-03  1.951E-01  1.323E+00  3.577E+01  1.58974E-06  2.56237E+01  1.550E+01
  31400     51.276  1.66E-03  1.957E-01  1.009E+00  3.577E+01  1.58487E-06  2.56345E+01  1.452E+01
  31500     51.436  1.59E-03  1.952E-01  1.078E+00  3.577E+01  1.58020E-06  2.56380E+01  1.516E+01
  31600     51.593  1.66E-03  1.950E-01  9.674E-01  3.577E+01  1.57561E-06  2.56396E+01  1.457E+01
  31700     51.763  1.71E-03  1.948E-01  1.043E+00  3.577E+01  1.57090E-06  2.56314E+01  1.411E+01
  31800     51.931  1.46E-03  1.960E-01  1.110E+00  3.577E+01  1.56670E-06  2.56185E+01  1.659E+01
  31900     52.083  1.58E-03  1.957E-01  1.134E+00  3.577E+01  1.56230E-06  2.56103E+01  1.527E+01
  32000     52.246  1.64E-03  1.959E-01  9.031E-01  3.577E+01  1.55721E-06  2.56087E+01  1.469E+01
  32100     52.404  1.58E-03  1.963E-01  1.021E+00  3.577E+01  1.55330E-06  2.56108E+01  1.527E+01
  32200     52.569  1.69E-03  1.953E-01  9.698E-01  3.577E+01  1.55017E-06  2.56144E+01  1.426E+01
  32300     52.736  1.77E-03  1.943E-01  1.334E+00  3.577E+01  1.54694E-06  2.56206E+01  1.367E+01
  32400     52.891  1.53E-03  1.939E-01  9.953E-01  3.577E+01  1.54392E-06  2.56173E+01  1.578E+01
  32500     53.051  1.62E-03  1.947E-01  1.001E+00  3.577E+01  1.54012E-06  2.56175E+01  1.494E+01
  32600     53.219  1.68E-03  1.937E-01  1.104E+00  3.577E+01  1.53556E-06  2.56220E+01  1.437E+01
  32700     53.381  1.64E-03  1.936E-01  1.299E+00  3.577E+01  1.53183E-06  2.56157E+01  1.475E+01
  32800     53.529  1.61E-03  1.943E-01  8.986E-01  3.577E+01  1.52862E-06  2.56068E+01  1.502E+01
  32900     53.693  1.54E-03  1.945E-01  1.027E+00  3.577E+01  1.52539E-06  2.56126E+01  1.566E+01
  33000     53.846  1.53E-03  1.947E-01  9.270E-01  3.577E+01  1.52224E-06  2.56253E+01  1.578E+01
  33100     54.013  1.74E-03  1.947E-01  1.158E+00  3.577E+01  1.51834E-06  2.56300E+01  1.389E+01
  33200     54.171  1.58E-03  1.948E-01  9.217E-01  3.577E+01  1.51393E-06  2.56302E+01  1.531E+01
  33300     54.323  1.61E-03  1.947E-01  1.080E+00  3.577E+01  1.51050E-06  2.56326E+01  1.503E+01
  33400     54.483  1.62E-03  1.952E-01  1.067E+00  3.577E+01  1.50679E-06  2.56419E+01  1.493E+01
  33500     54.641  1.62E-03  1.947E-01  9.739E-01  3.577E+01  1.50258E-06  2.56476E+01  1.490E+01
  33600     54.805  1.52E-03  1.946E-01  1.138E+00  3.577E+01  1.49884E-06  2.56481E+01  1.587E+01
  33700     54.967  1.61E-03  1.950E-01  1.017E+00  3.577E+01  1.49468E-06  2.56467E+01  1.497E+01
  33800     55.130  1.66E-03  1.941E-01  1.134E+00  3.577E+01  1.49083E-06  2.56381E+01  1.455E+01
  33900     55.295  1.62E-03  1.949E-01  1.068E+00  3.577E+01  1.48628E-06  2.56153E+01  1.486E+01
  34000     55.453  1.58E-03  1.951E-01  9.698E-01  3.577E+01  1.48229E-06  2.56125E+01  1.532E+01
  34100     55.616  1.59E-03  1.951E-01  1.096E+00  3.577E+01  1.47829E-06  2.56076E+01  1.515E+01
  34200     55.772  1.74E-03  1.950E-01  1.028E+00  3.577E+01  1.47455E-06  2.56051E+01  1.391E+01
  34300     55.932  1.57E-03  1.951E-01  1.576E+00  3.577E+01  1.47033E-06  2.56166E+01  1.534E+01
  34400     56.091  1.58E-03  1.956E-01  1.151E+00  3.577E+01  1.46605E-06  2.56183E+01  1.527E+01
  34500     56.255  1.66E-03  1.950E-01  9.864E-01  3.577E+01  1.46144E-06  2.56131E+01  1.453E+01
  34600     56.414  1.59E-03  1.954E-01  1.181E+00  3.577E+01  1.45673E-06  2.56100E+01  1.522E+01
  34700     56.572  1.44E-03  1.963E-01  1.197E+00  3.577E+01  1.45203E-06  2.56128E+01  1.681E+01
  34800     56.731  1.71E-03  1.965E-01  1.126E+00  3.577E+01  1.44806E-06  2.56112E+01  1.409E+01
  34900     56.887  1.54E-03  1.970E-01  1.096E+00  3.577E+01  1.44348E-06  2.56092E+01  1.566E+01
  35000     57.046  1.55E-03  1.970E-01  1.213E+00  3.577E+01  1.43934E-06  2.56121E+01  1.556E+01
  35100     57.202  1.72E-03  1.970E-01  1.097E+00  3.577E+01  1.43455E-06  2.56194E+01  1.401E+01
  35200     57.363  1.62E-03  1.958E-01  1.149E+00  3.577E+01  1.42972E-06  2.56237E+01  1.494E+01
  35300     57.520  1.64E-03  1.947E-01  9.565E-01  3.577E+01  1.42561E-06  2.56226E+01  1.474E+01
  35400     57.684  1.57E-03  1.938E-01  8.965E-01  3.577E+01  1.42097E-06  2.56125E+01  1.542E+01
  35500     57.842  1.49E-03  1.953E-01  9.279E-01  3.577E+01  1.41556E-06  2.56070E+01  1.620E+01
  35600     57.998  1.66E-03  1.958E-01  1.020E+00  3.577E+01  1.41054E-06  2.56049E+01  1.452E+01
  35700     58.155  1.63E-03  1.953E-01  1.030E+00  3.577E+01  1.40511E-06  2.56144E+01  1.481E+01
  35800     58.310  1.62E-03  1.950E-01  1.129E+00  3.577E+01  1.39980E-06  2.56233E+01  1.495E+01
  35900     58.471  1.62E-03  1.958E-01  1.016E+00  3.577E+01  1.39447E-06  2.56251E+01  1.487E+01
  36000     58.633  1.61E-03  1.965E-01  1.091E+00  3.577E+01  1.38970E-06  2.56159E+01  1.501E+01
  36100     58.796  1.71E-03  1.967E-01  9.009E-01  3.577E+01  1.38555E-06  2.56138E+01  1.409E+01
  36200     58.954  1.58E-03  1.961E-01  1.078E+00  3.577E+01  1.38155E-06  2.56199E+01  1.532E+01
  36300     59.123  1.68E-03  1.966E-01  1.187E+00  3.577E+01  1.37770E-06  2.56201E+01  1.438E+01
  36400     59.281  1.54E-03  1.967E-01  1.186E+00  3.577E+01  1.37360E-06  2.56109E+01  1.569E+01
  36500     59.444  1.58E-03  1.975E-01  1.068E+00  3.577E+01  1.36889E-06  2.56144E+01  1.532E+01
  36600     59.591  1.57E-03  1.981E-01  9.013E-01  3.577E+01  1.36477E-06  2.56170E+01  1.533E+01
  36700     59.748  1.58E-03  1.974E-01  8.851E-01  3.577E+01  1.36085E-06  2.56174E+01  1.531E+01
  36800     59.911  1.68E-03  1.974E-01  1.041E+00  3.577E+01  1.35699E-06  2.56135E+01  1.437E+01
  36900     60.063  1.51E-03  1.968E-01  1.250E+00  3.577E+01  1.35263E-06  2.56195E+01  1.599E+01
  37000     60.226  1.75E-03  1.966E-01  9.322E-01  3.577E+01  1.34758E-06  2.56261E+01  1.379E+01
  37100     60.398  1.76E-03  1.961E-01  9.121E-01  3.577E+01  1.34269E-06  2.56249E+01  1.371E+01
  37200     60.556  1.50E-03  1.968E-01  1.121E+00  3.577E+01  1.33850E-06  2.56232E+01  1.614E+01
  37300     60.716  1.63E-03  1.972E-01  1.033E+00  3.577E+01  1.33375E-06  2.56174E+01  1.481E+01
  37400     60.873  1.65E-03  1.962E-01  1.083E+00  3.577E+01  1.32851E-06  2.56079E+01  1.466E+01
  37500     61.039  1.69E-03  1.963E-01  1.075E+00  3.577E+01  1.32301E-06  2.56007E+01  1.425E+01
  37600     61.210  1.48E-03  1.971E-01  1.168E+00  3.577E+01  1.31693E-06  2.55957E+01  1.637E+01
  37700     61.358  1.49E-03  1.977E-01  1.248E+00  3.577E+01  1.31193E-06  2.55951E+01  1.621E+01
  37800     61.516  1.64E-03  1.971E-01  9.838E-01  3.577E+01  1.30702E-06  2.56032E+01  1.474E+01
  37900     61.683  1.70E-03  1.959E-01  9.367E-01  3.577E+01  1.30197E-06  2.56085E+01  1.422E+01
  38000     61.851  1.59E-03  1.965E-01  9.785E-01  3.577E+01  1.29746E-06  2.56133E+01  1.523E+01
  38100     62.013  1.65E-03  1.970E-01  9.069E-01  3.577E+01  1.29257E-06  2.56164E+01  1.465E+01
  38200     62.183  1.69E-03  1.958E-01  1.070E+00  3.577E+01  1.28770E-06  2.56111E+01  1.432E+01
  38300     62.348  1.58E-03  1.956E-01  9.157E-01  3.577E+01  1.28341E-06  2.56041E+01  1.525E+01
  38400     62.508  1.60E-03  1.957E-01  1.231E+00  3.577E+01  1.27922E-06  2.56032E+01  1.506E+01
  38500     62.669  1.27E-03  1.950E-01  1.778E+00  3.577E+01  1.27487E-06  2.56015E+01  1.899E+01
  38600     62.820  1.50E-03  1.943E-01  1.159E+00  3.577E+01  1.27084E-06  2.55965E+01  1.614E+01
  38700     62.974  1.60E-03  1.940E-01  9.861E-01  3.577E+01  1.26723E-06  2.55984E+01  1.513E+01
  38800     63.135  1.37E-03  1.935E-01  1.611E+00  3.577E+01  1.26346E-06  2.56042E+01  1.763E+01
  38900     63.281  1.64E-03  1.946E-01  9.872E-01  3.577E+01  1.26009E-06  2.56126E+01  1.474E+01
  39000     63.442  1.52E-03  1.945E-01  1.069E+00  3.577E+01  1.25612E-06  2.56173E+01  1.585E+01
  39100     63.599  1.58E-03  1.940E-01  1.065E+00  3.577E+01  1.25173E-06  2.56121E+01  1.532E+01
  39200     63.761  1.66E-03  1.938E-01  1.190E+00  3.577E+01  1.24690E-06  2.56170E+01  1.453E+01
  39300     63.921  1.62E-03  1.925E-01  9.631E-01  3.577E+01  1.24222E-06  2.56229E+01  1.492E+01
  39400     64.090  1.67E-03  1.933E-01  1.260E+00  3.577E+01  1.23803E-06  2.56286E+01  1.443E+01
  39500     64.251  1.57E-03  1.938E-01  9.909E-01  3.577E+01  1.23472E-06  2.56247E+01  1.535E+01
  39600     64.414  1.51E-03  1.943E-01  1.101E+00  3.577E+01  1.23159E-06  2.56222E+01  1.594E+01
  39700     64.567  1.62E-03  1.942E-01  8.934E-01  3.577E+01  1.22839E-06  2.56200E+01  1.494E+01
  39800     64.731  1.65E-03  1.948E-01  9.592E-01  3.577E+01  1.22434E-06  2.56197E+01  1.466E+01
  39900     64.871  1.42E-03  1.956E-01  1.156E+00  3.577E+01  1.22116E-06  2.56193E+01  1.700E+01
  40000     65.025  1.49E-03  1.956E-01  9.100E-01  3.577E+01  1.21770E-06  2.56184E+01  1.620E+01
  40100     65.179  1.61E-03  1.952E-01  9.560E-01  3.577E+01  1.21477E-06  2.56269E+01  1.503E+01
  40200     65.337  1.58E-03  1.952E-01  1.090E+00  3.577E+01  1.21149E-06  2.56304E+01  1.527E+01
  40300     65.497  1.69E-03  1.949E-01  9.413E-01  3.577E+01  1.20790E-06  2.56253E+01  1.430E+01
  40400     65.668  1.67E-03  1.940E-01  1.038E+00  3.577E+01  1.20458E-06  2.56310E+01  1.447E+01
  40500     65.839  1.67E-03  1.949E-01  1.187E+00  3.577E+01  1.20119E-06  2.56329E+01  1.450E+01
  40600     66.004  1.53E-03  1.953E-01  1.089E+00  3.577E+01  1.19789E-06  2.56310E+01  1.583E+01
  40700     66.160  1.50E-03  1.947E-01  1.083E+00  3.577E+01  1.19530E-06  2.56266E+01  1.612E+01
  40800     66.313  1.44E-03  1.949E-01  1.236E+00  3.577E+01  1.19271E-06  2.56234E+01  1.677E+01
  40900     66.469  1.70E-03  1.951E-01  1.095E+00  3.577E+01  1.18943E-06  2.56125E+01  1.424E+01
  41000     66.632  1.69E-03  1.964E-01  1.119E+00  3.577E+01  1.18637E-06  2.55974E+01  1.430E+01
  41100     66.795  1.71E-03  1.970E-01  1.079E+00  3.577E+01  1.18329E-06  2.56018E+01  1.414E+01
  41200     66.956  1.62E-03  1.972E-01  9.117E-01  3.577E+01  1.18000E-06  2.56088E+01  1.491E+01
  41300     67.104  1.57E-03  1.964E-01  1.099E+00  3.577E+01  1.17780E-06  2.56076E+01  1.541E+01
  41400     67.257  1.64E-03  1.965E-01  1.101E+00  3.576E+01  1.17540E-06  2.56142E+01  1.476E+01
  41500     67.415  1.72E-03  1.969E-01  1.336E+00  3.576E+01  1.17269E-06  2.56214E+01  1.406E+01
  41600     67.582  1.63E-03  1.968E-01  1.086E+00  3.576E+01  1.16954E-06  2.56152E+01  1.486E+01
  41700     67.743  1.69E-03  1.962E-01  9.763E-01  3.576E+01  1.16633E-06  2.56132E+01  1.426E+01
  41800     67.893  1.53E-03  1.959E-01  1.161E+00  3.576E+01  1.16322E-06  2.56170E+01  1.579E+01
  41900     68.050  1.42E-03  1.966E-01  1.198E+00  3.576E+01  1.16033E-06  2.56182E+01  1.704E+01
  42000     68.205  1.60E-03  1.965E-01  1.013E+00  3.576E+01  1.15794E-06  2.56183E+01  1.506E+01
  42100     68.373  1.65E-03  1.949E-01  9.992E-01  3.576E+01  1.15474E-06  2.56192E+01  1.463E+01
  42200     68.534  1.55E-03  1.961E-01  1.111E+00  3.576E+01  1.15170E-06  2.56142E+01  1.556E+01
  42300     68.688  1.46E-03  1.968E-01  1.543E+00  3.576E+01  1.14862E-06  2.56101E+01  1.656E+01
  42400     68.828  1.58E-03  1.971E-01  1.130E+00  3.576E+01  1.14552E-06  2.56229E+01  1.533E+01
  42500     68.991  1.78E-03  1.968E-01  1.120E+00  3.576E+01  1.14227E-06  2.56328E+01  1.358E+01
  42600     69.152  1.43E-03  1.970E-01  1.246E+00  3.576E+01  1.13875E-06  2.56364E+01  1.688E+01
  42700     69.315  1.72E-03  1.957E-01  8.968E-01  3.576E+01  1.13589E-06  2.56441E+01  1.407E+01
  42800     69.481  1.56E-03  1.964E-01  1.269E+00  3.576E+01  1.13233E-06  2.56375E+01  1.545E+01
  42900     69.641  1.71E-03  1.967E-01  9.779E-01  3.576E+01  1.12902E-06  2.56412E+01  1.413E+01
  43000     69.808  1.73E-03  1.959E-01  8.686E-01  3.576E+01  1.12580E-06  2.56386E+01  1.397E+01
  43100     69.977  1.61E-03  1.963E-01  9.497E-01  3.576E+01  1.12290E-06  2.56324E+01  1.500E+01
  43200     70.138  1.51E-03  1.970E-01  1.258E+00  3.576E+01  1.11906E-06  2.56194E+01  1.598E+01
  43300     70.302  1.70E-03  1.966E-01  1.012E+00  3.576E+01  1.11573E-06  2.56184E+01  1.421E+01
  43400     70.460  1.59E-03  1.971E-01  9.501E-01  3.576E+01  1.11303E-06  2.56201E+01  1.518E+01
  43500     70.617  1.58E-03  1.971E-01  1.053E+00  3.576E+01  1.10996E-06  2.56185E+01  1.524E+01
  43600     70.780  1.55E-03  1.979E-01  1.012E+00  3.576E+01  1.10648E-06  2.56158E+01  1.556E+01
  43700     70.937  1.54E-03  1.974E-01  1.112E+00  3.576E+01  1.10348E-06  2.56173E+01  1.566E+01
  43800     71.094  1.59E-03  1.979E-01  1.021E+00  3.576E+01  1.10028E-06  2.56110E+01  1.516E+01
  43900     71.257  1.61E-03  1.970E-01  1.000E+00  3.576E+01  1.09706E-06  2.55997E+01  1.499E+01
  44000     71.414  1.65E-03  1.976E-01  1.041E+00  3.576E+01  1.09369E-06  2.55995E+01  1.463E+01
  44100     71.577  1.67E-03  1.983E-01  1.074E+00  3.576E+01  1.09046E-06  2.56095E+01  1.444E+01
  44200     71.741  1.65E-03  1.984E-01  1.115E+00  3.576E+01  1.08677E-06  2.56215E+01  1.467E+01
  44300     71.912  1.70E-03  1.975E-01  9.712E-01  3.576E+01  1.08276E-06  2.56303E+01  1.419E+01
  44400     72.074  1.50E-03  1.974E-01  1.322E+00  3.576E+01  1.08005E-06  2.56286E+01  1.615E+01
  44500     72.231  1.50E-03  1.971E-01  1.127E+00  3.576E+01  1.07749E-06  2.56185E+01  1.610E+01
  44600     72.386  1.49E-03  1.974E-01  1.278E+00  3.576E+01  1.07461E-06  2.56177E+01  1.620E+01
  44700     72.551  1.72E-03  1.966E-01  9.550E-01  3.576E+01  1.07193E-06  2.56149E+01  1.400E+01
  44800     72.714  1.62E-03  1.960E-01  9.552E-01  3.576E+01  1.06888E-06  2.56205E+01  1.489E+01
  44900     72.877  1.65E-03  1.957E-01  9.569E-01  3.576E+01  1.06619E-06  2.56190E+01  1.465E+01
  45000     73.042  1.73E-03  1.960E-01  9.897E-01  3.576E+01  1.06345E-06  2.56139E+01  1.395E+01
  45100     73.197  1.67E-03  1.959E-01  8.713E-01  3.576E+01  1.06067E-06  2.56216E+01  1.442E+01
  45200     73.365  1.64E-03  1.956E-01  1.029E+00  3.576E+01  1.05750E-06  2.56275E+01  1.470E+01
  45300     73.528  1.57E-03  1.958E-01  9.910E-01  3.576E+01  1.05427E-06  2.56397E+01  1.536E+01
  45400     73.699  1.67E-03  1.954E-01  9.953E-01  3.576E+01  1.05117E-06  2.56353E+01  1.447E+01
  45500     73.858  1.43E-03  1.955E-01  1.123E+00  3.576E+01  1.04822E-06  2.56300E+01  1.694E+01
  45600     74.018  1.64E-03  1.964E-01  9.768E-01  3.576E+01  1.04510E-06  2.56273E+01  1.471E+01
  45700     74.178  1.60E-03  1.955E-01  1.207E+00  3.576E+01  1.04174E-06  2.56268E+01  1.505E+01
  45800     74.337  1.59E-03  1.945E-01  9.448E-01  3.576E+01  1.03849E-06  2.56260E+01  1.516E+01
  45900     74.502  1.63E-03  1.955E-01  1.124E+00  3.576E+01  1.03545E-06  2.56332E+01  1.478E+01
  46000     74.672  1.69E-03  1.963E-01  9.884E-01  3.576E+01  1.03204E-06  2.56316E+01  1.431E+01
  46100     74.844  1.73E-03  1.972E-01  1.104E+00  3.576E+01  1.02888E-06  2.56298E+01  1.395E+01
  46200     75.017  1.75E-03  1.964E-01  1.032E+00  3.576E+01  1.02617E-06  2.56354E+01  1.383E+01
  46300     75.186  1.54E-03  1.969E-01  1.121E+00  3.576E+01  1.02347E-06  2.56277E+01  1.571E+01
  46400     75.343  1.72E-03  1.976E-01  9.003E-01  3.576E+01  1.02049E-06  2.56287E+01  1.406E+01
  46500     75.509  1.61E-03  1.979E-01  1.109E+00  3.576E+01  1.01680E-06  2.56230E+01  1.497E+01
  46600     75.675  1.60E-03  1.972E-01  9.127E-01  3.576E+01  1.01332E-06  2.56206E+01  1.509E+01
  46700     75.836  1.60E-03  1.959E-01  1.030E+00  3.576E+01  1.01010E-06  2.56196E+01  1.506E+01
  46800     76.002  1.74E-03  1.955E-01  9.183E-01  3.576E+01  1.00657E-06  2.56183E+01  1.384E+01
  46900     76.165  1.66E-03  1.961E-01  1.028E+00  3.576E+01  1.00344E-06  2.56075E+01  1.450E+01
  47000     76.328  1.65E-03  1.962E-01  1.143E+00  3.576E+01  1.00054E-06  2.56090E+01  1.460E+01
  47100     76.493  1.61E-03  1.961E-01  1.093E+00  3.576E+01  9.97356E-07  2.56132E+01  1.497E+01
  47200     76.662  1.73E-03  1.968E-01  1.030E+00  3.576E+01  9.93746E-07  2.56104E+01  1.392E+01
  47300     76.829  1.73E-03  1.962E-01  1.044E+00  3.576E+01  9.90307E-07  2.56017E+01  1.393E+01
  47400     76.993  1.68E-03  1.956E-01  1.097E+00  3.576E+01  9.87110E-07  2.55944E+01  1.440E+01
  47500     77.153  1.62E-03  1.959E-01  1.025E+00  3.576E+01  9.84056E-07  2.56011E+01  1.495E+01
  47600     77.318  1.57E-03  1.968E-01  9.094E-01  3.576E+01  9.80483E-07  2.56129E+01  1.541E+01
  47700     77.482  1.68E-03  1.964E-01  9.849E-01  3.576E+01  9.77100E-07  2.56237E+01  1.437E+01
  47800     77.649  1.64E-03  1.957E-01  8.912E-01  3.576E+01  9.73751E-07  2.56369E+01  1.473E+01
  47900     77.819  1.66E-03  1.956E-01  8.993E-01  3.576E+01  9.70336E-07  2.56298E+01  1.458E+01
  48000     77.980  1.66E-03  1.965E-01  1.256E+00  3.576E+01  9.66641E-07  2.56239E+01  1.454E+01
  48100     78.140  1.70E-03  1.947E-01  9.050E-01  3.576E+01  9.62929E-07  2.56245E+01  1.419E+01
  48200     78.300  1.59E-03  1.949E-01  1.125E+00  3.576E+01  9.59787E-07  2.56222E+01  1.514E+01
  48300     78.464  1.79E-03  1.954E-01  1.099E+00  3.576E+01  9.56858E-07  2.56155E+01  1.351E+01
  48400     78.630  1.49E-03  1.962E-01  1.069E+00  3.576E+01  9.53715E-07  2.56153E+01  1.616E+01
  48500     78.793  1.67E-03  1.958E-01  1.126E+00  3.576E+01  9.50456E-07  2.56231E+01  1.449E+01
  48600     78.960  1.61E-03  1.952E-01  9.608E-01  3.576E+01  9.46908E-07  2.56213E+01  1.495E+01
  48700     79.126  1.70E-03  1.954E-01  8.907E-01  3.576E+01  9.43583E-07  2.56291E+01  1.424E+01
  48800     79.293  1.48E-03  1.940E-01  1.041E+00  3.576E+01  9.40278E-07  2.56334E+01  1.627E+01
  48900     79.452  1.63E-03  1.943E-01  1.127E+00  3.576E+01  9.37178E-07  2.56206E+01  1.484E+01
  49000     79.610  1.59E-03  1.946E-01  1.040E+00  3.576E+01  9.34187E-07  2.56151E+01  1.518E+01
  49100     79.767  1.60E-03  1.958E-01  8.828E-01  3.576E+01  9.31354E-07  2.56158E+01  1.506E+01
  49200     79.938  1.70E-03  1.953E-01  8.301E-01  3.576E+01  9.27751E-07  2.56171E+01  1.417E+01
  49300     80.104  1.56E-03  1.943E-01  1.137E+00  3.576E+01  9.23969E-07  2.56175E+01  1.551E+01
  49400     80.269  1.65E-03  1.944E-01  1.171E+00  3.576E+01  9.20534E-07  2.56219E+01  1.462E+01
  49500     80.431  1.62E-03  1.940E-01  1.058E+00  3.576E+01  9.17360E-07  2.56196E+01  1.488E+01
  49600     80.599  1.70E-03  1.933E-01  8.630E-01  3.576E+01  9.13904E-07  2.56157E+01  1.422E+01
  49700     80.768  1.68E-03  1.928E-01  9.444E-01  3.576E+01  9.10208E-07  2.56106E+01  1.435E+01
  49800     80.936  1.69E-03  1.937E-01  1.021E+00  3.576E+01  9.07285E-07  2.56020E+01  1.431E+01
  49900     81.098  1.68E-03  1.942E-01  1.050E+00  3.576E+01  9.04377E-07  2.55908E+01  1.436E+01
  50000     81.268  1.69E-03  1.941E-01  8.381E-01  3.576E+01  9.01258E-07  2.55956E+01  1.431E+01
  50100     81.434  1.67E-03  1.945E-01  9.716E-01  3.576E+01  8.97890E-07  2.55980E+01  1.446E+01
  50200     81.599  1.72E-03  1.948E-01  9.423E-01  3.576E+01  8.94603E-07  2.56029E+01  1.406E+01
  50300     81.762  1.72E-03  1.948E-01  9.296E-01  3.576E+01  8.91753E-07  2.56153E+01  1.404E+01
  50400     81.933  1.71E-03  1.960E-01  1.040E+00  3.576E+01  8.89417E-07  2.56187E+01  1.411E+01
  50500     82.090  1.55E-03  1.959E-01  8.938E-01  3.576E+01  8.87393E-07  2.56228E+01  1.555E+01
  50600     82.255  1.44E-03  1.966E-01  1.127E+00  3.576E+01  8.85108E-07  2.56218E+01  1.677E+01
  50700     82.410  1.60E-03  1.962E-01  9.237E-01  3.576E+01  8.82195E-07  2.56104E+01  1.513E+01
  50800     82.567  1.46E-03  1.960E-01  1.085E+00  3.576E+01  8.79235E-07  2.56043E+01  1.652E+01
  50900     82.730  1.70E-03  1.960E-01  9.155E-01  3.576E+01  8.76543E-07  2.56036E+01  1.417E+01
  51000     82.893  1.50E-03  1.963E-01  1.197E+00  3.576E+01  8.74096E-07  2.56081E+01  1.606E+01
  51100     83.046  1.58E-03  1.967E-01  1.012E+00  3.576E+01  8.71704E-07  2.56142E+01  1.533E+01
  51200     83.208  1.63E-03  1.960E-01  1.190E+00  3.576E+01  8.68916E-07  2.56220E+01  1.484E+01
  51300     83.363  1.43E-03  1.954E-01  1.168E+00  3.576E+01  8.66004E-07  2.56241E+01  1.694E+01
  51400     83.517  1.59E-03  1.962E-01  1.102E+00  3.576E+01  8.62789E-07  2.56282E+01  1.522E+01
  51500     83.683  1.64E-03  1.949E-01  8.494E-01  3.576E+01  8.59803E-07  2.56330E+01  1.471E+01
  51600     83.853  1.66E-03  1.947E-01  9.345E-01  3.576E+01  8.56823E-07  2.56408E+01  1.451E+01
  51700     84.013  1.59E-03  1.949E-01  1.103E+00  3.576E+01  8.53793E-07  2.56355E+01  1.518E+01
  51800     84.172  1.76E-03  1.949E-01  1.075E+00  3.576E+01  8.50690E-07  2.56144E+01  1.373E+01
  51900     84.336  1.68E-03  1.956E-01  1.060E+00  3.576E+01  8.47463E-07  2.56037E+01  1.439E+01
  52000     84.503  1.61E-03  1.942E-01  1.566E+00  3.576E+01  8.44137E-07  2.56032E+01  1.503E+01
  52100     84.667  1.57E-03  1.941E-01  1.261E+00  3.576E+01  8.40854E-07  2.56001E+01  1.541E+01
  52200     84.830  1.57E-03  1.948E-01  1.078E+00  3.576E+01  8.37391E-07  2.55997E+01  1.534E+01
  52300     84.986  1.40E-03  1.956E-01  1.528E+00  3.576E+01  8.34136E-07  2.56108E+01  1.730E+01
  52400     85.142  1.65E-03  1.947E-01  9.516E-01  3.576E+01  8.31256E-07  2.56172E+01  1.465E+01
  52500     85.308  1.64E-03  1.957E-01  9.986E-01  3.576E+01  8.28300E-07  2.56103E+01  1.475E+01
  52600     85.472  1.63E-03  1.966E-01  9.797E-01  3.576E+01  8.25264E-07  2.56111E+01  1.483E+01
  52700     85.640  1.74E-03  1.974E-01  1.026E+00  3.576E+01  8.22751E-07  2.56022E+01  1.388E+01
  52800     85.808  1.64E-03  1.964E-01  1.001E+00  3.576E+01  8.20323E-07  2.55872E+01  1.477E+01
  52900     85.967  1.67E-03  1.962E-01  1.104E+00  3.576E+01  8.17647E-07  2.55886E+01  1.447E+01
  53000     86.120  1.60E-03  1.970E-01  1.226E+00  3.576E+01  8.15241E-07  2.56020E+01  1.505E+01
  53100     86.287  1.55E-03  1.955E-01  9.647E-01  3.576E+01  8.12981E-07  2.56029E+01  1.561E+01
  53200     86.440  1.63E-03  1.944E-01  9.443E-01  3.576E+01  8.11293E-07  2.56000E+01  1.479E+01
  53300     86.613  1.73E-03  1.941E-01  8.245E-01  3.576E+01  8.08982E-07  2.56011E+01  1.392E+01
  53400     86.775  1.65E-03  1.942E-01  9.243E-01  3.576E+01  8.06683E-07  2.56064E+01  1.464E+01
  53500     86.934  1.70E-03  1.942E-01  9.386E-01  3.576E+01  8.04641E-07  2.56112E+01  1.419E+01
  53600     87.100  1.58E-03  1.947E-01  1.050E+00  3.576E+01  8.02307E-07  2.56126E+01  1.529E+01
  53700     87.253  1.64E-03  1.954E-01  1.034E+00  3.576E+01  8.00180E-07  2.56137E+01  1.469E+01
  53800     87.411  1.63E-03  1.961E-01  9.646E-01  3.575E+01  7.97940E-07  2.56183E+01  1.485E+01
  53900     87.561  1.49E-03  1.963E-01  1.023E+00  3.575E+01  7.96286E-07  2.56254E+01  1.624E+01
  54000     87.723  1.69E-03  1.959E-01  9.638E-01  3.575E+01  7.94505E-07  2.56284E+01  1.432E+01
  54100     87.888  1.59E-03  1.959E-01  1.212E+00  3.575E+01  7.92340E-07  2.56296E+01  1.517E+01
  54200     88.046  1.68E-03  1.949E-01  9.897E-01  3.575E+01  7.90153E-07  2.56303E+01  1.433E+01
  54300     88.215  1.72E-03  1.942E-01  9.127E-01  3.575E+01  7.88235E-07  2.56204E+01  1.403E+01
  54400     88.383  1.74E-03  1.940E-01  9.820E-01  3.575E+01  7.86347E-07  2.56163E+01  1.387E+01
  54500     88.546  1.56E-03  1.951E-01  1.174E+00  3.575E+01  7.84447E-07  2.56146E+01  1.549E+01
  54600     88.696  1.42E-03  1.962E-01  1.226E+00  3.575E+01  7.82761E-07  2.56168E+01  1.698E+01
  54700     88.854  1.70E-03  1.968E-01  8.847E-01  3.575E+01  7.80731E-07  2.56214E+01  1.420E+01
  54800     89.019  1.44E-03  1.957E-01  1.350E+00  3.575E+01  7.78967E-07  2.56210E+01  1.674E+01
  54900     89.169  1.51E-03  1.967E-01  9.911E-01  3.575E+01  7.77478E-07  2.56231E+01  1.597E+01
  55000     89.318  1.54E-03  1.974E-01  9.763E-01  3.575E+01  7.75873E-07  2.56284E+01  1.564E+01
  55100     89.481  1.53E-03  1.969E-01  1.234E+00  3.575E+01  7.74190E-07  2.56275E+01  1.579E+01
  55200     89.637  1.61E-03  1.966E-01  9.244E-01  3.575E+01  7.72408E-07  2.56261E+01  1.500E+01
  55300     89.806  1.72E-03  1.977E-01  8.736E-01  3.575E+01  7.70634E-07  2.56208E+01  1.404E+01
  55400     89.975  1.67E-03  1.969E-01  8.910E-01  3.575E+01  7.68695E-07  2.56199E+01  1.444E+01
  55500     90.138  1.69E-03  1.976E-01  9.140E-01  3.575E+01  7.66900E-07  2.56111E+01  1.430E+01
  55600     90.303  1.53E-03  1.979E-01  1.043E+00  3.575E+01  7.64662E-07  2.56098E+01  1.583E+01
  55700     90.462  1.52E-03  1.989E-01  1.207E+00  3.575E+01  7.62300E-07  2.56201E+01  1.587E+01
  55800     90.616  1.64E-03  1.985E-01  9.681E-01  3.575E+01  7.59982E-07  2.56305E+01  1.472E+01
  55900     90.771  1.53E-03  1.987E-01  1.271E+00  3.575E+01  7.57984E-07  2.56270E+01  1.578E+01
  56000     90.920  1.50E-03  1.978E-01  1.303E+00  3.575E+01  7.56483E-07  2.56310E+01  1.612E+01
  56100     91.079  1.60E-03  1.974E-01  1.223E+00  3.575E+01  7.55015E-07  2.56335E+01  1.511E+01
  56200     91.242  1.54E-03  1.972E-01  9.625E-01  3.575E+01  7.53180E-07  2.56196E+01  1.564E+01
  56300     91.398  1.60E-03  1.972E-01  1.262E+00  3.575E+01  7.51070E-07  2.56086E+01  1.509E+01
  56400     91.559  1.56E-03  1.969E-01  1.053E+00  3.575E+01  7.48780E-07  2.56031E+01  1.547E+01
  56500     91.720  1.51E-03  1.975E-01  1.118E+00  3.575E+01  7.46749E-07  2.56097E+01  1.599E+01
  56600     91.873  1.57E-03  1.964E-01  1.028E+00  3.575E+01  7.45005E-07  2.56198E+01  1.535E+01
  56700     92.035  1.57E-03  1.972E-01  1.101E+00  3.575E+01  7.43464E-07  2.56217E+01  1.539E+01
  56800     92.184  1.32E-03  1.975E-01  1.658E+00  3.575E+01  7.41744E-07  2.56258E+01  1.835E+01
  56900     92.340  1.58E-03  1.958E-01  8.311E-01  3.575E+01  7.39982E-07  2.56275E+01  1.524E+01
  57000     92.502  1.63E-03  1.946E-01  1.016E+00  3.575E+01  7.38350E-07  2.56258E+01  1.479E+01
  57100     92.660  1.67E-03  1.949E-01  1.137E+00  3.575E+01  7.36530E-07  2.56272E+01  1.449E+01
  57200     92.820  1.33E-03  1.944E-01  1.521E+00  3.575E+01  7.34832E-07  2.56292E+01  1.823E+01
  57300     92.982  1.76E-03  1.949E-01  1.067E+00  3.575E+01  7.33077E-07  2.56236E+01  1.374E+01
  57400     93.154  1.67E-03  1.945E-01  9.679E-01  3.575E+01  7.30818E-07  2.56242E+01  1.442E+01
  57500     93.315  1.61E-03  1.953E-01  1.162E+00  3.575E+01  7.28549E-07  2.56268E+01  1.503E+01
  57600     93.483  1.68E-03  1.952E-01  9.624E-01  3.575E+01  7.26642E-07  2.56212E+01  1.438E+01
  57700     93.649  1.67E-03  1.962E-01  9.934E-01  3.575E+01  7.24583E-07  2.56341E+01  1.449E+01
  57800     93.815  1.73E-03  1.955E-01  1.018E+00  3.575E+01  7.22736E-07  2.56390E+01  1.398E+01
  57900     93.980  1.69E-03  1.967E-01  1.115E+00  3.575E+01  7.20797E-07  2.56230E+01  1.432E+01
  58000     94.146  1.26E-03  1.970E-01  2.199E+00  3.575E+01  7.18859E-07  2.56172E+01  1.915E+01
  58100     94.291  1.64E-03  1.960E-01  8.915E-01  3.575E+01  7.17323E-07  2.56184E+01  1.471E+01
  58200     94.454  1.65E-03  1.963E-01  1.042E+00  3.575E+01  7.15421E-07  2.56124E+01  1.464E+01
  58300     94.620  1.64E-03  1.974E-01  1.146E+00  3.575E+01  7.13415E-07  2.56292E+01  1.471E+01
  58400     94.779  1.73E-03  1.973E-01  9.058E-01  3.575E+01  7.11910E-07  2.56500E+01  1.398E+01
  58500     94.940  1.50E-03  1.967E-01  1.049E+00  3.575E+01  7.10531E-07  2.56405E+01  1.612E+01
  58600     95.100  1.67E-03  1.955E-01  1.077E+00  3.575E+01  7.09045E-07  2.56233E+01  1.448E+01
  58700     95.264  1.64E-03  1.957E-01  1.124E+00  3.575E+01  7.07336E-07  2.56200E+01  1.471E+01
  58800     95.425  1.77E-03  1.952E-01  9.551E-01  3.575E+01  7.05679E-07  2.56174E+01  1.362E+01
  58900     95.588  1.72E-03  1.948E-01  9.442E-01  3.575E+01  7.03920E-07  2.56189E+01  1.405E+01
  59000     95.753  1.65E-03  1.949E-01  1.002E+00  3.575E+01  7.02324E-07  2.56169E+01  1.463E+01
  59100     95.919  1.53E-03  1.952E-01  9.622E-01  3.575E+01  7.00329E-07  2.56206E+01  1.577E+01
  59200     96.079  1.53E-03  1.952E-01  9.444E-01  3.575E+01  6.98378E-07  2.56227E+01  1.575E+01
  59300     96.249  1.76E-03  1.958E-01  1.050E+00  3.575E+01  6.96573E-07  2.56296E+01  1.368E+01
  59400     96.418  1.61E-03  1.957E-01  1.129E+00  3.575E+01  6.95493E-07  2.56296E+01  1.502E+01
  59500     96.589  1.63E-03  1.957E-01  1.024E+00  3.575E+01  6.94068E-07  2.56356E+01  1.478E+01
  59600     96.755  1.70E-03  1.959E-01  1.141E+00  3.575E+01  6.91731E-07  2.56493E+01  1.421E+01
  59700     96.924  1.58E-03  1.966E-01  1.022E+00  3.575E+01  6.89586E-07  2.56413E+01  1.524E+01
  59800     97.092  1.65E-03  1.973E-01  1.000E+00  3.575E+01  6.87903E-07  2.56279E+01  1.467E+01
  59900     97.259  1.54E-03  1.973E-01  1.141E+00  3.575E+01  6.86182E-07  2.56215E+01  1.567E+01
  60000     97.420  1.46E-03  1.978E-01  1.089E+00  3.575E+01  6.84225E-07  2.56257E+01  1.653E+01
  60100     97.572  1.63E-03  1.987E-01  1.170E+00  3.575E+01  6.82415E-07  2.56294E+01  1.481E+01
  60200     97.734  1.63E-03  1.976E-01  9.817E-01  3.575E+01  6.80434E-07  2.56320E+01  1.480E+01
  60300     97.895  1.52E-03  1.965E-01  1.118E+00  3.575E+01  6.78348E-07  2.56415E+01  1.587E+01
  60400     98.059  1.61E-03  1.971E-01  9.876E-01  3.575E+01  6.76074E-07  2.56527E+01  1.504E+01
  60500     98.214  1.57E-03  1.971E-01  9.903E-01  3.575E+01  6.74321E-07  2.56544E+01  1.536E+01
  60600     98.376  1.57E-03  1.982E-01  1.101E+00  3.575E+01  6.72418E-07  2.56482E+01  1.541E+01
  60700     98.536  1.55E-03  1.979E-01  1.055E+00  3.575E+01  6.70811E-07  2.56359E+01  1.558E+01
  60800     98.693  1.56E-03  1.985E-01  9.687E-01  3.575E+01  6.69233E-07  2.56330E+01  1.547E+01
  60900     98.856  1.68E-03  1.981E-01  8.964E-01  3.575E+01  6.67497E-07  2.56271E+01  1.437E+01
  61000     99.022  1.58E-03  1.973E-01  1.105E+00  3.575E+01  6.65561E-07  2.56211E+01  1.525E+01
  61100     99.179  1.62E-03  1.983E-01  1.165E+00  3.575E+01  6.63788E-07  2.56272E+01  1.491E+01
  61200     99.340  1.68E-03  1.983E-01  9.582E-01  3.575E+01  6.62109E-07  2.56373E+01  1.441E+01
  61300     99.506  1.71E-03  1.976E-01  9.509E-01  3.575E+01  6.59712E-07  2.56360E+01  1.415E+01
  61400     99.677  1.57E-03  1.972E-01  1.010E+00  3.575E+01  6.57349E-07  2.56383E+01  1.535E+01
  61500     99.834  1.41E-03  1.972E-01  1.078E+00  3.575E+01  6.55389E-07  2.56407E+01  1.711E+01
  61600     99.985  1.40E-03  1.973E-01  1.432E+00  3.575E+01  6.53466E-07  2.56441E+01  1.723E+01
  61700    100.130  1.42E-03  1.967E-01  1.425E+00  3.575E+01  6.51931E-07  2.56381E+01  1.695E+01
  61800    100.278  1.44E-03  1.961E-01  1.211E+00  3.575E+01  6.50587E-07  2.56371E+01  1.683E+01
  61900    100.426  1.62E-03  1.965E-01  9.132E-01  3.575E+01  6.49077E-07  2.56373E+01  1.488E+01
  62000    100.599  1.66E-03  1.967E-01  1.248E+00  3.575E+01  6.47552E-07  2.56287E+01  1.455E+01
  62100    100.749  1.59E-03  1.973E-01  1.045E+00  3.575E+01  6.46156E-07  2.56201E+01  1.520E+01
  62200    100.909  1.56E-03  1.984E-01  1.115E+00  3.575E+01  6.44581E-07  2.56126E+01  1.549E+01
  62300    101.066  1.73E-03  1.976E-01  1.104E+00  3.575E+01  6.43219E-07  2.56066E+01  1.391E+01
  62400    101.233  1.73E-03  1.973E-01  1.002E+00  3.575E+01  6.41641E-07  2.56010E+01  1.392E+01
  62500    101.400  1.50E-03  1.973E-01  1.327E+00  3.575E+01  6.39761E-07  2.56047E+01  1.612E+01
  62600    101.549  1.57E-03  1.970E-01  8.708E-01  3.575E+01  6.38416E-07  2.56140E+01  1.539E+01
  62700    101.709  1.50E-03  1.967E-01  1.220E+00  3.575E+01  6.36991E-07  2.56096E+01  1.606E+01
  62800    101.872  1.62E-03  1.968E-01  1.012E+00  3.575E+01  6.35717E-07  2.56094E+01  1.491E+01
  62900    102.035  1.72E-03  1.969E-01  9.628E-01  3.575E+01  6.34082E-07  2.56121E+01  1.402E+01
  63000    102.201  1.55E-03  1.963E-01  9.247E-01  3.575E+01  6.31957E-07  2.56148E+01  1.560E+01
  63100    102.363  1.51E-03  1.973E-01  1.164E+00  3.575E+01  6.29990E-07  2.56234E+01  1.594E+01
  63200    102.516  1.52E-03  1.982E-01  1.044E+00  3.575E+01  6.28486E-07  2.56369E+01  1.588E+01
  63300    102.678  1.66E-03  1.979E-01  1.045E+00  3.575E+01  6.26928E-07  2.56302E+01  1.454E+01
  63400    102.834  1.68E-03  1.984E-01  1.217E+00  3.575E+01  6.25279E-07  2.56220E+01  1.438E+01
  63500    102.993  1.39E-03  1.979E-01  1.402E+00  3.575E+01  6.23706E-07  2.56207E+01  1.737E+01
  63600    103.149  1.63E-03  1.970E-01  9.280E-01  3.575E+01  6.22444E-07  2.56284E+01  1.479E+01
  63700    103.311  1.39E-03  1.972E-01  1.542E+00  3.575E+01  6.21016E-07  2.56319E+01  1.737E+01
  63800    103.472  1.69E-03  1.972E-01  1.058E+00  3.575E+01  6.19410E-07  2.56264E+01  1.431E+01
  63900    103.637  1.61E-03  1.978E-01  1.168E+00  3.575E+01  6.17880E-07  2.56244E+01  1.500E+01
  64000    103.784  1.61E-03  1.974E-01  9.351E-01  3.575E+01  6.16543E-07  2.56246E+01  1.503E+01
  64100    103.940  1.63E-03  1.983E-01  1.149E+00  3.575E+01  6.14903E-07  2.56354E+01  1.477E+01
  64200    104.097  1.57E-03  1.997E-01  9.762E-01  3.575E+01  6.13287E-07  2.56407E+01  1.536E+01
  64300    104.261  1.68E-03  1.990E-01  1.107E+00  3.575E+01  6.11805E-07  2.56328E+01  1.441E+01
  64400    104.421  1.52E-03  1.992E-01  1.014E+00  3.575E+01  6.10400E-07  2.56248E+01  1.585E+01
  64500    104.583  1.63E-03  1.992E-01  9.499E-01  3.575E+01  6.08815E-07  2.56149E+01  1.481E+01
  64600    104.748  1.53E-03  1.990E-01  1.251E+00  3.575E+01  6.07199E-07  2.56116E+01  1.577E+01
  64700    104.912  1.70E-03  1.994E-01  1.116E+00  3.575E+01  6.05708E-07  2.56129E+01  1.419E+01
  64800    105.079  1.77E-03  1.993E-01  9.055E-01  3.575E+01  6.04156E-07  2.56073E+01  1.363E+01
  64900    105.247  1.66E-03  1.999E-01  8.794E-01  3.575E+01  6.02430E-07  2.56117E+01  1.452E+01
  65000    105.417  1.72E-03  1.995E-01  9.527E-01  3.575E+01  6.01025E-07  2.56149E+01  1.403E+01
  65100    105.582  1.60E-03  1.997E-01  1.125E+00  3.575E+01  5.99573E-07  2.56105E+01  1.510E+01
  65200    105.744  1.63E-03  1.991E-01  1.036E+00  3.575E+01  5.98102E-07  2.56190E+01  1.485E+01
  65300    105.909  1.53E-03  1.997E-01  1.071E+00  3.574E+01  5.96313E-07  2.56204E+01  1.583E+01
  65400    106.067  1.39E-03  2.004E-01  1.226E+00  3.574E+01  5.94711E-07  2.56115E+01  1.740E+01
  65500    106.225  1.72E-03  2.006E-01  1.102E+00  3.574E+01  5.93062E-07  2.56140E+01  1.407E+01
  65600    106.394  1.65E-03  1.995E-01  1.105E+00  3.574E+01  5.91330E-07  2.56100E+01  1.460E+01
  65700    106.558  1.64E-03  1.994E-01  1.179E+00  3.574E+01  5.89572E-07  2.55918E+01  1.475E+01
  65800    106.721  1.67E-03  1.993E-01  1.132E+00  3.574E+01  5.88010E-07  2.55895E+01  1.442E+01
  65900    106.885  1.59E-03  1.997E-01  1.059E+00  3.574E+01  5.86241E-07  2.55979E+01  1.517E+01
  66000    107.044  1.61E-03  2.001E-01  9.640E-01  3.574E+01  5.84161E-07  2.56121E+01  1.500E+01
  66100    107.213  1.62E-03  2.002E-01  1.249E+00  3.574E+01  5.82022E-07  2.56271E+01  1.494E+01
  66200    107.370  1.65E-03  2.001E-01  9.292E-01  3.574E+01  5.80047E-07  2.56260E+01  1.460E+01
  66300    107.537  1.68E-03  1.989E-01  1.144E+00  3.574E+01  5.78314E-07  2.56230E+01  1.439E+01
  66400    107.699  1.66E-03  1.978E-01  9.125E-01  3.574E+01  5.76929E-07  2.56253E+01  1.454E+01
  66500    107.867  1.58E-03  1.987E-01  1.133E+00  3.574E+01  5.75270E-07  2.56245E+01  1.526E+01
  66600    108.015  1.52E-03  1.998E-01  1.080E+00  3.574E+01  5.73724E-07  2.56321E+01  1.588E+01
  66700    108.175  1.70E-03  1.990E-01  9.935E-01  3.574E+01  5.71980E-07  2.56384E+01  1.418E+01
  66800    108.326  1.60E-03  1.983E-01  1.000E+00  3.574E+01  5.70453E-07  2.56374E+01  1.506E+01
  66900    108.484  1.50E-03  1.979E-01  1.053E+00  3.574E+01  5.68850E-07  2.56333E+01  1.613E+01
  67000    108.642  1.49E-03  1.977E-01  1.242E+00  3.574E+01  5.67245E-07  2.56246E+01  1.618E+01
  67100    108.806  1.70E-03  1.981E-01  9.953E-01  3.574E+01  5.65771E-07  2.56174E+01  1.423E+01
  67200    108.972  1.56E-03  1.977E-01  9.233E-01  3.574E+01  5.64197E-07  2.56109E+01  1.545E+01
  67300    109.129  1.67E-03  1.965E-01  1.323E+00  3.574E+01  5.62690E-07  2.56046E+01  1.444E+01
  67400    109.288  1.60E-03  1.965E-01  9.473E-01  3.574E+01  5.61244E-07  2.56076E+01  1.511E+01
  67500    109.455  1.71E-03  1.969E-01  9.896E-01  3.574E+01  5.59798E-07  2.56202E+01  1.408E+01
  67600    109.599  1.63E-03  1.969E-01  9.073E-01  3.574E+01  5.58336E-07  2.56204E+01  1.483E+01
  67700    109.764  1.37E-03  1.980E-01  1.527E+00  3.574E+01  5.56639E-07  2.56218E+01  1.763E+01
  67800    109.916  1.72E-03  1.983E-01  1.060E+00  3.574E+01  5.55486E-07  2.56191E+01  1.408E+01
  67900    110.084  1.66E-03  1.979E-01  8.471E-01  3.574E+01  5.54158E-07  2.56117E+01  1.451E+01
  68000    110.232  1.48E-03  1.973E-01  1.174E+00  3.574E+01  5.52769E-07  2.56087E+01  1.627E+01
  68100    110.394  1.62E-03  1.975E-01  1.104E+00  3.574E+01  5.51316E-07  2.56043E+01  1.491E+01
  68200    110.560  1.66E-03  1.978E-01  9.909E-01  3.574E+01  5.49563E-07  2.56032E+01  1.453E+01
  68300    110.720  1.48E-03  1.986E-01  1.165E+00  3.574E+01  5.47814E-07  2.56111E+01  1.629E+01
  68400    110.877  1.58E-03  1.978E-01  1.120E+00  3.574E+01  5.46212E-07  2.56226E+01  1.525E+01
  68500    111.025  1.60E-03  1.987E-01  9.583E-01  3.574E+01  5.44812E-07  2.56280E+01  1.505E+01
  68600    111.187  1.58E-03  1.987E-01  1.072E+00  3.574E+01  5.43470E-07  2.56191E+01  1.533E+01
  68700    111.348  1.59E-03  1.977E-01  1.073E+00  3.574E+01  5.41985E-07  2.56183E+01  1.515E+01
  68800    111.499  1.55E-03  1.974E-01  9.468E-01  3.574E+01  5.40432E-07  2.56200E+01  1.554E+01
  68900    111.662  1.73E-03  1.968E-01  8.470E-01  3.574E+01  5.38644E-07  2.56125E+01  1.398E+01
  69000    111.826  1.66E-03  1.969E-01  9.231E-01  3.574E+01  5.37067E-07  2.56164E+01  1.458E+01
  69100    111.992  1.62E-03  1.977E-01  9.235E-01  3.574E+01  5.35517E-07  2.56205E+01  1.491E+01
  69200    112.150  1.61E-03  1.976E-01  9.782E-01  3.574E+01  5.34216E-07  2.56115E+01  1.502E+01
  69300    112.316  1.61E-03  1.977E-01  1.033E+00  3.574E+01  5.32911E-07  2.56003E+01  1.503E+01
  69400    112.473  1.71E-03  1.975E-01  9.310E-01  3.574E+01  5.31579E-07  2.56066E+01  1.414E+01
  69500    112.643  1.70E-03  1.985E-01  9.882E-01  3.574E+01  5.30139E-07  2.56174E+01  1.424E+01
  69600    112.811  1.70E-03  1.979E-01  1.061E+00  3.574E+01  5.28941E-07  2.56257E+01  1.424E+01
  69700    112.976  1.62E-03  1.992E-01  1.122E+00  3.574E+01  5.27540E-07  2.56260E+01  1.490E+01
  69800    113.133  1.54E-03  1.989E-01  1.159E+00  3.574E+01  5.26225E-07  2.56214E+01  1.564E+01
  69900    113.293  1.60E-03  1.987E-01  9.846E-01  3.574E+01  5.24883E-07  2.56176E+01  1.509E+01
  70000    113.462  1.56E-03  1.984E-01  1.113E+00  3.574E+01  5.23687E-07  2.56210E+01  1.549E+01
  70100    113.615  1.56E-03  1.980E-01  9.549E-01  3.574E+01  5.22788E-07  2.56270E+01  1.547E+01
  70200    113.766  1.60E-03  1.978E-01  1.070E+00  3.574E+01  5.22063E-07  2.56265E+01  1.506E+01
  70300    113.928  1.64E-03  1.987E-01  1.008E+00  3.574E+01  5.20877E-07  2.56220E+01  1.476E+01
  70400    114.078  1.29E-03  1.987E-01  1.530E+00  3.574E+01  5.19660E-07  2.56194E+01  1.867E+01
  70500    114.225  1.53E-03  1.981E-01  1.057E+00  3.574E+01  5.18674E-07  2.56196E+01  1.578E+01
  70600    114.383  1.52E-03  1.984E-01  1.324E+00  3.574E+01  5.17660E-07  2.56211E+01  1.589E+01
  70700    114.537  1.64E-03  1.987E-01  1.029E+00  3.574E+01  5.16553E-07  2.56248E+01  1.477E+01
  70800    114.695  1.60E-03  1.989E-01  1.081E+00  3.574E+01  5.15464E-07  2.56258E+01  1.513E+01
  70900    114.849  1.54E-03  1.991E-01  1.119E+00  3.574E+01  5.14242E-07  2.56213E+01  1.571E+01
  71000    115.003  1.60E-03  1.998E-01  1.023E+00  3.574E+01  5.13043E-07  2.56207E+01  1.508E+01
  71100    115.170  1.77E-03  1.991E-01  1.022E+00  3.574E+01  5.12174E-07  2.56205E+01  1.361E+01
  71200    115.335  1.50E-03  1.986E-01  1.070E+00  3.574E+01  5.11372E-07  2.56326E+01  1.614E+01
  71300    115.503  1.64E-03  1.986E-01  1.121E+00  3.574E+01  5.10236E-07  2.56401E+01  1.468E+01
  71400    115.665  1.67E-03  1.979E-01  8.779E-01  3.574E+01  5.08772E-07  2.56263E+01  1.450E+01
  71500    115.837  1.69E-03  1.970E-01  8.939E-01  3.574E+01  5.07322E-07  2.56118E+01  1.430E+01
  71600    116.000  1.65E-03  1.966E-01  1.160E+00  3.574E+01  5.06306E-07  2.56068E+01  1.462E+01
  71700    116.159  1.52E-03  1.970E-01  1.020E+00  3.574E+01  5.05199E-07  2.56102E+01  1.591E+01
  71800    116.322  1.69E-03  1.971E-01  1.031E+00  3.574E+01  5.03977E-07  2.56193E+01  1.432E+01
  71900    116.485  1.72E-03  1.981E-01  1.123E+00  3.574E+01  5.02619E-07  2.56233E+01  1.404E+01
  72000    116.652  1.61E-03  1.984E-01  9.805E-01  3.574E+01  5.01425E-07  2.56153E+01  1.500E+01
  72100    116.813  1.53E-03  1.980E-01  9.917E-01  3.574E+01  5.00231E-07  2.56183E+01  1.581E+01
  72200    116.974  1.65E-03  1.978E-01  8.736E-01  3.574E+01  4.99225E-07  2.56332E+01  1.461E+01
  72300    117.143  1.67E-03  1.987E-01  9.715E-01  3.574E+01  4.98015E-07  2.56373E+01  1.445E+01
  72400    117.301  1.57E-03  1.988E-01  1.070E+00  3.574E+01  4.96925E-07  2.56351E+01  1.533E+01
  72500    117.466  1.66E-03  1.980E-01  1.136E+00  3.574E+01  4.95920E-07  2.56295E+01  1.456E+01
  72600    117.626  1.62E-03  1.986E-01  1.039E+00  3.574E+01  4.94981E-07  2.56298E+01  1.487E+01
  72700    117.793  1.71E-03  1.978E-01  9.903E-01  3.574E+01  4.94080E-07  2.56265E+01  1.410E+01
  72800    117.961  1.68E-03  1.976E-01  9.753E-01  3.574E+01  4.93244E-07  2.56198E+01  1.435E+01
  72900    118.123  1.69E-03  1.988E-01  1.034E+00  3.574E+01  4.92396E-07  2.56192E+01  1.425E+01
  73000    118.285  1.63E-03  1.986E-01  9.974E-01  3.574E+01  4.91439E-07  2.56300E+01  1.483E+01
  73100    118.453  1.63E-03  1.972E-01  1.011E+00  3.574E+01  4.90404E-07  2.56381E+01  1.480E+01
  73200    118.616  1.59E-03  1.968E-01  1.125E+00  3.574E+01  4.89105E-07  2.56472E+01  1.521E+01
  73300    118.775  1.54E-03  1.968E-01  1.210E+00  3.574E+01  4.87959E-07  2.56532E+01  1.564E+01
  73400    118.930  1.68E-03  1.962E-01  9.506E-01  3.574E+01  4.86903E-07  2.56482E+01  1.439E+01
  73500    119.094  1.56E-03  1.951E-01  9.646E-01  3.574E+01  4.85862E-07  2.56435E+01  1.552E+01
  73600    119.251  1.70E-03  1.952E-01  9.228E-01  3.574E+01  4.84825E-07  2.56555E+01  1.416E+01
  73700    119.414  1.59E-03  1.954E-01  1.065E+00  3.574E+01  4.83485E-07  2.56546E+01  1.515E+01
  73800    119.578  1.75E-03  1.962E-01  9.556E-01  3.574E+01  4.82169E-07  2.56428E+01  1.383E+01
  73900    119.746  1.55E-03  1.971E-01  9.842E-01  3.574E+01  4.80964E-07  2.56328E+01  1.558E+01
  74000    119.901  1.33E-03  1.972E-01  1.476E+00  3.574E+01  4.79876E-07  2.56281E+01  1.817E+01
  74100    120.059  1.74E-03  1.974E-01  9.573E-01  3.574E+01  4.78882E-07  2.56241E+01  1.385E+01
  74200    120.226  1.65E-03  1.970E-01  9.982E-01  3.574E+01  4.77683E-07  2.56300E+01  1.466E+01
  74300    120.393  1.75E-03  1.977E-01  1.034E+00  3.574E+01  4.76774E-07  2.56365E+01  1.383E+01
  74400    120.562  1.65E-03  1.980E-01  1.009E+00  3.574E+01  4.75902E-07  2.56262E+01  1.459E+01
  74500    120.734  1.71E-03  1.979E-01  9.870E-01  3.574E+01  4.75081E-07  2.56190E+01  1.412E+01
  74600    120.891  1.44E-03  1.984E-01  1.185E+00  3.574E+01  4.73967E-07  2.56239E+01  1.675E+01
  74700    121.047  1.59E-03  1.982E-01  1.175E+00  3.574E+01  4.72856E-07  2.56417E+01  1.518E+01
  74800    121.212  1.65E-03  1.974E-01  1.067E+00  3.574E+01  4.71877E-07  2.56532E+01  1.467E+01
  74900    121.366  1.67E-03  1.976E-01  1.005E+00  3.574E+01  4.70988E-07  2.56463E+01  1.448E+01
  75000    121.530  1.71E-03  1.972E-01  9.664E-01  3.574E+01  4.70245E-07  2.56355E+01  1.412E+01
  75100    121.693  1.74E-03  1.961E-01  9.175E-01  3.574E+01  4.69573E-07  2.56355E+01  1.388E+01
  75200    121.862  1.70E-03  1.970E-01  9.173E-01  3.574E+01  4.68691E-07  2.56423E+01  1.423E+01
  75300    122.022  1.58E-03  1.977E-01  1.194E+00  3.574E+01  4.67851E-07  2.56473E+01  1.531E+01
  75400    122.191  1.73E-03  1.975E-01  1.042E+00  3.574E+01  4.67187E-07  2.56442E+01  1.397E+01
  75500    122.364  1.74E-03  1.983E-01  9.045E-01  3.574E+01  4.66478E-07  2.56446E+01  1.387E+01
  75600    122.527  1.69E-03  1.969E-01  9.781E-01  3.574E+01  4.65719E-07  2.56506E+01  1.426E+01
  75700    122.686  1.66E-03  1.969E-01  9.012E-01  3.574E+01  4.64905E-07  2.56554E+01  1.454E+01
  75800    122.839  1.12E-03  1.960E-01  2.385E+00  3.574E+01  4.63941E-07  2.56630E+01  2.154E+01
  75900    122.988  1.62E-03  1.971E-01  1.111E+00  3.574E+01  4.62895E-07  2.56645E+01  1.493E+01
  76000    123.157  1.71E-03  1.979E-01  9.581E-01  3.574E+01  4.61754E-07  2.56511E+01  1.409E+01
  76100    123.313  1.47E-03  1.973E-01  1.170E+00  3.574E+01  4.60687E-07  2.56432E+01  1.638E+01
  76200    123.475  1.73E-03  1.963E-01  8.836E-01  3.574E+01  4.59878E-07  2.56492E+01  1.399E+01
  76300    123.630  1.64E-03  1.961E-01  1.108E+00  3.574E+01  4.59195E-07  2.56460E+01  1.471E+01
  76400    123.796  1.58E-03  1.970E-01  9.945E-01  3.574E+01  4.58262E-07  2.56357E+01  1.525E+01
  76500    123.953  1.55E-03  1.975E-01  9.957E-01  3.574E+01  4.57294E-07  2.56268E+01  1.554E+01
  76600    124.114  1.59E-03  1.968E-01  1.051E+00  3.574E+01  4.56340E-07  2.56336E+01  1.520E+01
  76700    124.277  1.69E-03  1.970E-01  9.468E-01  3.574E+01  4.55309E-07  2.56453E+01  1.427E+01
  76800    124.441  1.61E-03  1.964E-01  9.534E-01  3.574E+01  4.54303E-07  2.56352E+01  1.504E+01
  76900    124.607  1.66E-03  1.959E-01  1.130E+00  3.573E+01  4.53188E-07  2.56213E+01  1.457E+01
  77000    124.766  1.56E-03  1.964E-01  9.824E-01  3.573E+01  4.51910E-07  2.56114E+01  1.549E+01
  77100    124.926  1.63E-03  1.970E-01  1.209E+00  3.573E+01  4.50594E-07  2.56223E+01  1.483E+01
  77200    125.093  1.58E-03  1.965E-01  8.902E-01  3.573E+01  4.49448E-07  2.56269E+01  1.524E+01
  77300    125.255  1.61E-03  1.963E-01  8.365E-01  3.573E+01  4.48271E-07  2.56282E+01  1.503E+01
  77400    125.417  1.46E-03  1.966E-01  1.171E+00  3.573E+01  4.46952E-07  2.56205E+01  1.654E+01
  77500    125.573  1.58E-03  1.962E-01  9.553E-01  3.573E+01  4.45607E-07  2.56085E+01  1.525E+01
  77600    125.729  1.41E-03  1.956E-01  1.277E+00  3.573E+01  4.44192E-07  2.56067E+01  1.716E+01
  77700    125.877  1.67E-03  1.964E-01  8.861E-01  3.573E+01  4.42996E-07  2.56183E+01  1.448E+01
  77800    126.047  1.61E-03  1.963E-01  1.289E+00  3.573E+01  4.41590E-07  2.56308E+01  1.504E+01
  77900    126.201  1.61E-03  1.967E-01  9.356E-01  3.573E+01  4.40345E-07  2.56409E+01  1.502E+01
  78000    126.365  1.73E-03  1.975E-01  8.763E-01  3.573E+01  4.38865E-07  2.56428E+01  1.399E+01
  78100    126.534  1.54E-03  1.964E-01  1.022E+00  3.573E+01  4.37306E-07  2.56460E+01  1.564E+01
  78200    126.685  1.44E-03  1.957E-01  1.067E+00  3.573E+01  4.36108E-07  2.56604E+01  1.677E+01
  78300    126.845  1.72E-03  1.961E-01  8.259E-01  3.573E+01  4.34623E-07  2.56710E+01  1.405E+01
  78400    127.004  1.64E-03  1.969E-01  8.890E-01  3.573E+01  4.33399E-07  2.56754E+01  1.469E+01
  78500    127.165  1.71E-03  1.962E-01  9.317E-01  3.573E+01  4.32244E-07  2.56614E+01  1.409E+01
  78600    127.328  1.57E-03  1.966E-01  8.454E-01  3.573E+01  4.30970E-07  2.56408E+01  1.542E+01
  78700    127.496  1.71E-03  1.974E-01  1.170E+00  3.573E+01  4.29753E-07  2.56393E+01  1.410E+01
  78800    127.664  1.60E-03  1.969E-01  9.774E-01  3.573E+01  4.28659E-07  2.56352E+01  1.514E+01
  78900    127.831  1.51E-03  1.967E-01  1.398E+00  3.573E+01  4.27609E-07  2.56248E+01  1.604E+01
  79000    127.983  1.45E-03  1.963E-01  1.128E+00  3.573E+01  4.26611E-07  2.56263E+01  1.661E+01
  79100    128.138  1.52E-03  1.963E-01  1.106E+00  3.573E+01  4.25492E-07  2.56276E+01  1.584E+01
  79200    128.293  1.63E-03  1.966E-01  1.088E+00  3.573E+01  4.24411E-07  2.56349E+01  1.485E+01
  79300    128.454  1.53E-03  1.969E-01  1.189E+00  3.573E+01  4.23396E-07  2.56380E+01  1.577E+01
  79400    128.610  1.62E-03  1.972E-01  9.704E-01  3.573E+01  4.22347E-07  2.56282E+01  1.495E+01
  79500    128.779  1.64E-03  1.978E-01  1.022E+00  3.573E+01  4.21366E-07  2.56099E+01  1.476E+01
  79600    128.941  1.43E-03  1.977E-01  1.074E+00  3.573E+01  4.20479E-07  2.56167E+01  1.686E+01
  79700    129.099  1.64E-03  1.976E-01  1.057E+00  3.573E+01  4.19535E-07  2.56255E+01  1.472E+01
  79800    129.262  1.55E-03  1.969E-01  9.251E-01  3.573E+01  4.18693E-07  2.56283E+01  1.554E+01
  79900    129.434  1.74E-03  1.958E-01  1.077E+00  3.573E+01  4.17911E-07  2.56328E+01  1.389E+01
  80000    129.597  1.62E-03  1.967E-01  1.048E+00  3.573E+01  4.17366E-07  2.56242E+01  1.491E+01
  80100    129.752  1.56E-03  1.979E-01  1.060E+00  3.573E+01  4.17054E-07  2.56224E+01  1.545E+01
  80200    129.913  1.59E-03  1.970E-01  9.912E-01  3.573E+01  4.16454E-07  2.56264E+01  1.516E+01
  80300    130.076  1.60E-03  1.967E-01  1.004E+00  3.573E+01  4.15831E-07  2.56203E+01  1.511E+01
  80400    130.242  1.65E-03  1.971E-01  9.363E-01  3.573E+01  4.15202E-07  2.56102E+01  1.463E+01
  80500    130.403  1.59E-03  1.969E-01  9.326E-01  3.573E+01  4.14673E-07  2.56116E+01  1.514E+01
  80600    130.571  1.69E-03  1.957E-01  1.027E+00  3.573E+01  4.14125E-07  2.56154E+01  1.431E+01
  80700    130.736  1.66E-03  1.966E-01  9.212E-01  3.573E+01  4.13479E-07  2.56226E+01  1.455E+01
  80800    130.898  1.64E-03  1.973E-01  9.655E-01  3.573E+01  4.12815E-07  2.56254E+01  1.475E+01
  80900    131.066  1.61E-03  1.974E-01  1.037E+00  3.573E+01  4.12173E-07  2.56257E+01  1.504E+01
  81000    131.227  1.47E-03  1.971E-01  1.389E+00  3.573E+01  4.11786E-07  2.56264E+01  1.648E+01
  81100    131.385  1.49E-03  1.966E-01  1.083E+00  3.573E+01  4.11251E-07  2.56334E+01  1.622E+01
  81200    131.544  1.61E-03  1.976E-01  1.198E+00  3.573E+01  4.10460E-07  2.56352E+01  1.496E+01
  81300    131.707  1.58E-03  1.977E-01  1.213E+00  3.573E+01  4.09809E-07  2.56391E+01  1.530E+01
  81400    131.870  1.69E-03  1.971E-01  1.314E+00  3.573E+01  4.09149E-07  2.56353E+01  1.428E+01
  81500    132.036  1.55E-03  1.959E-01  1.083E+00  3.573E+01  4.08498E-07  2.56480E+01  1.558E+01
  81600    132.199  1.70E-03  1.959E-01  9.922E-01  3.573E+01  4.07812E-07  2.56694E+01  1.424E+01
  81700    132.364  1.57E-03  1.973E-01  1.087E+00  3.573E+01  4.07186E-07  2.56714E+01  1.536E+01
  81800    132.526  1.65E-03  1.975E-01  1.077E+00  3.573E+01  4.06353E-07  2.56598E+01  1.465E+01
  81900    132.690  1.69E-03  1.969E-01  9.791E-01  3.573E+01  4.05280E-07  2.56528E+01  1.426E+01
  82000    132.853  1.61E-03  1.969E-01  9.244E-01  3.573E+01  4.04307E-07  2.56413E+01  1.497E+01
  82100    133.006  1.62E-03  1.959E-01  9.622E-01  3.573E+01  4.03573E-07  2.56335E+01  1.486E+01
  82200    133.171  1.64E-03  1.957E-01  9.642E-01  3.573E+01  4.02820E-07  2.56188E+01  1.473E+01
  82300    133.338  1.55E-03  1.952E-01  1.025E+00  3.573E+01  4.02010E-07  2.56038E+01  1.558E+01
  82400    133.498  1.48E-03  1.956E-01  1.011E+00  3.573E+01  4.01151E-07  2.55964E+01  1.635E+01
  82500    133.661  1.60E-03  1.967E-01  1.112E+00  3.573E+01  4.00156E-07  2.55947E+01  1.513E+01
  82600    133.816  1.69E-03  1.969E-01  9.083E-01  3.573E+01  3.99107E-07  2.55970E+01  1.425E+01
  82700    133.985  1.53E-03  1.968E-01  9.861E-01  3.573E+01  3.97975E-07  2.55994E+01  1.577E+01
  82800    134.143  1.55E-03  1.963E-01  1.182E+00  3.573E+01  3.97072E-07  2.56087E+01  1.559E+01
  82900    134.306  1.71E-03  1.957E-01  1.088E+00  3.573E+01  3.96230E-07  2.56152E+01  1.410E+01
  83000    134.466  1.66E-03  1.959E-01  1.148E+00  3.573E+01  3.95092E-07  2.56227E+01  1.453E+01
  83100    134.628  1.53E-03  1.962E-01  1.118E+00  3.573E+01  3.93780E-07  2.56320E+01  1.581E+01
  83200    134.784  1.69E-03  1.964E-01  1.068E+00  3.573E+01  3.92749E-07  2.56510E+01  1.431E+01
  83300    134.949  1.60E-03  1.960E-01  1.019E+00  3.573E+01  3.91753E-07  2.56568E+01  1.507E+01
  83400    135.108  1.70E-03  1.965E-01  9.620E-01  3.573E+01  3.90860E-07  2.56542E+01  1.417E+01
  83500    135.266  1.59E-03  1.961E-01  1.163E+00  3.573E+01  3.89917E-07  2.56623E+01  1.515E+01
  83600    135.420  1.65E-03  1.961E-01  1.038E+00  3.573E+01  3.88803E-07  2.56640E+01  1.460E+01
  83700    135.585  1.53E-03  1.954E-01  1.089E+00  3.573E+01  3.87705E-07  2.56451E+01  1.575E+01
  83800    135.735  1.48E-03  1.951E-01  1.075E+00  3.573E+01  3.86815E-07  2.56318E+01  1.635E+01
  83900    135.899  1.66E-03  1.953E-01  9.614E-01  3.573E+01  3.85681E-07  2.56246E+01  1.456E+01
#---it-------t---------dt-------urms-------umax-------rhom--------brms---------TT2m--------Rmesh---
      0    135.899  1.66E-03  1.953E-01  9.614E-01  3.573E+01  3.85681E-07  2.56246E+01  1.456E+01
    100    136.066  1.66E-03  1.951E-01  1.021E+00  3.573E+01  3.84579E-07  2.56240E+01  1.454E+01
    200    136.226  1.51E-03  1.952E-01  1.236E+00  3.573E+01  3.83671E-07  2.56241E+01  1.604E+01
    300    136.388  1.59E-03  1.961E-01  1.006E+00  3.573E+01  3.82557E-07  2.56368E+01  1.519E+01
    400    136.549  1.69E-03  1.961E-01  1.073E+00  3.573E+01  3.81430E-07  2.56399E+01  1.431E+01
    500    136.712  1.69E-03  1.968E-01  1.081E+00  3.573E+01  3.80337E-07  2.56317E+01  1.430E+01
    600    136.877  1.65E-03  1.972E-01  1.100E+00  3.573E+01  3.79444E-07  2.56350E+01  1.464E+01
    700    137.036  1.66E-03  1.971E-01  9.407E-01  3.573E+01  3.78747E-07  2.56359E+01  1.451E+01
    800    137.195  1.67E-03  1.974E-01  9.869E-01  3.573E+01  3.77966E-07  2.56271E+01  1.447E+01
    900    137.353  1.57E-03  1.976E-01  1.283E+00  3.573E+01  3.77013E-07  2.56273E+01  1.534E+01
   1000    137.500  1.66E-03  1.969E-01  8.923E-01  3.573E+01  3.76097E-07  2.56324E+01  1.457E+01
   1100    137.664  1.56E-03  1.975E-01  1.553E+00  3.573E+01  3.75032E-07  2.56339E+01  1.545E+01
   1200    137.818  1.60E-03  1.974E-01  1.067E+00  3.573E+01  3.74348E-07  2.56533E+01  1.510E+01
   1300    137.978  1.53E-03  1.966E-01  1.126E+00  3.573E+01  3.73483E-07  2.56683E+01  1.578E+01
   1400    138.135  1.45E-03  1.974E-01  1.229E+00  3.573E+01  3.72602E-07  2.56644E+01  1.670E+01
   1500    138.300  1.67E-03  1.976E-01  9.984E-01  3.573E+01  3.71857E-07  2.56446E+01  1.448E+01
   1600    138.469  1.73E-03  1.962E-01  9.231E-01  3.573E+01  3.71269E-07  2.56325E+01  1.397E+01
   1700    138.632  1.62E-03  1.963E-01  9.234E-01  3.573E+01  3.70584E-07  2.56264E+01  1.493E+01
   1800    138.799  1.71E-03  1.961E-01  1.340E+00  3.573E+01  3.69871E-07  2.56185E+01  1.409E+01
   1900    138.958  1.55E-03  1.966E-01  1.304E+00  3.573E+01  3.69227E-07  2.56165E+01  1.554E+01
   2000    139.124  1.59E-03  1.957E-01  1.178E+00  3.573E+01  3.68525E-07  2.56094E+01  1.515E+01
   2100    139.278  1.60E-03  1.962E-01  9.436E-01  3.573E+01  3.67886E-07  2.56037E+01  1.511E+01
   2200    139.450  1.65E-03  1.957E-01  1.107E+00  3.573E+01  3.67122E-07  2.56061E+01  1.459E+01
   2300    139.611  1.61E-03  1.953E-01  9.104E-01  3.573E+01  3.66190E-07  2.56117E+01  1.504E+01
   2400    139.772  1.68E-03  1.963E-01  9.614E-01  3.573E+01  3.65243E-07  2.56202E+01  1.435E+01
   2500    139.943  1.70E-03  1.965E-01  1.098E+00  3.573E+01  3.64365E-07  2.56171E+01  1.420E+01
   2600    140.104  1.70E-03  1.970E-01  9.673E-01  3.573E+01  3.63518E-07  2.56241E+01  1.417E+01
   2700    140.265  1.79E-03  1.971E-01  8.737E-01  3.573E+01  3.62697E-07  2.56334E+01  1.350E+01
   2800    140.428  1.53E-03  1.970E-01  1.061E+00  3.573E+01  3.61886E-07  2.56313E+01  1.582E+01
   2900    140.592  1.64E-03  1.960E-01  9.242E-01  3.573E+01  3.61021E-07  2.56307E+01  1.472E+01
   3000    140.758  1.59E-03  1.961E-01  1.275E+00  3.573E+01  3.60133E-07  2.56412E+01  1.516E+01
   3100    140.920  1.48E-03  1.967E-01  1.094E+00  3.573E+01  3.59446E-07  2.56483E+01  1.630E+01
   3200    141.073  1.56E-03  1.968E-01  1.063E+00  3.573E+01  3.58905E-07  2.56520E+01  1.552E+01
   3300    141.235  1.70E-03  1.972E-01  1.085E+00  3.573E+01  3.58432E-07  2.56491E+01  1.417E+01
   3400    141.397  1.53E-03  1.963E-01  1.064E+00  3.573E+01  3.57852E-07  2.56335E+01  1.580E+01
   3500    141.554  1.73E-03  1.954E-01  9.588E-01  3.573E+01  3.57197E-07  2.56230E+01  1.397E+01
   3600    141.713  1.48E-03  1.954E-01  1.089E+00  3.573E+01  3.56661E-07  2.56214E+01  1.636E+01
   3700    141.872  1.68E-03  1.949E-01  1.016E+00  3.573E+01  3.56093E-07  2.56264E+01  1.436E+01
   3800    142.043  1.68E-03  1.950E-01  8.922E-01  3.573E+01  3.55459E-07  2.56277E+01  1.434E+01
   3900    142.214  1.62E-03  1.955E-01  8.770E-01  3.573E+01  3.54833E-07  2.56222E+01  1.487E+01
   4000    142.372  1.51E-03  1.946E-01  1.051E+00  3.573E+01  3.54145E-07  2.56261E+01  1.604E+01
   4100    142.533  1.71E-03  1.949E-01  9.292E-01  3.573E+01  3.53464E-07  2.56323E+01  1.408E+01
   4200    142.702  1.70E-03  1.954E-01  1.062E+00  3.573E+01  3.52779E-07  2.56367E+01  1.419E+01
   4300    142.858  1.60E-03  1.956E-01  1.031E+00  3.573E+01  3.52159E-07  2.56431E+01  1.514E+01
   4400    143.025  1.70E-03  1.954E-01  9.056E-01  3.573E+01  3.51436E-07  2.56424E+01  1.424E+01
   4500    143.191  1.58E-03  1.962E-01  1.241E+00  3.573E+01  3.50575E-07  2.56415E+01  1.530E+01
   4600    143.351  1.72E-03  1.964E-01  1.124E+00  3.573E+01  3.49957E-07  2.56447E+01  1.407E+01
   4700    143.512  1.62E-03  1.969E-01  8.800E-01  3.573E+01  3.49103E-07  2.56492E+01  1.491E+01
   4800    143.668  1.51E-03  1.975E-01  9.882E-01  3.573E+01  3.48259E-07  2.56425E+01  1.605E+01
   4900    143.829  1.59E-03  1.965E-01  9.748E-01  3.573E+01  3.47428E-07  2.56398E+01  1.518E+01
   5000    143.986  1.65E-03  1.959E-01  9.010E-01  3.573E+01  3.46638E-07  2.56392E+01  1.468E+01
   5100    144.149  1.45E-03  1.962E-01  1.216E+00  3.573E+01  3.45769E-07  2.56330E+01  1.665E+01
   5200    144.306  1.64E-03  1.966E-01  1.033E+00  3.572E+01  3.44957E-07  2.56268E+01  1.474E+01
   5300    144.471  1.74E-03  1.943E-01  9.967E-01  3.572E+01  3.44310E-07  2.56266E+01  1.386E+01
   5400    144.639  1.55E-03  1.946E-01  8.977E-01  3.572E+01  3.43526E-07  2.56198E+01  1.557E+01
   5500    144.803  1.72E-03  1.952E-01  8.908E-01  3.572E+01  3.42583E-07  2.56151E+01  1.403E+01
   5600    144.966  1.61E-03  1.950E-01  1.066E+00  3.572E+01  3.41721E-07  2.56126E+01  1.501E+01
   5700    145.135  1.68E-03  1.948E-01  1.074E+00  3.572E+01  3.40932E-07  2.56122E+01  1.438E+01
   5800    145.299  1.63E-03  1.958E-01  1.112E+00  3.572E+01  3.40143E-07  2.56057E+01  1.484E+01
   5900    145.463  1.74E-03  1.964E-01  9.833E-01  3.572E+01  3.39371E-07  2.56036E+01  1.388E+01
   6000    145.629  1.58E-03  1.966E-01  8.743E-01  3.572E+01  3.38832E-07  2.56121E+01  1.524E+01
   6100    145.792  1.64E-03  1.965E-01  9.455E-01  3.572E+01  3.38085E-07  2.56216E+01  1.474E+01
   6200    145.959  1.73E-03  1.969E-01  1.174E+00  3.572E+01  3.37290E-07  2.56324E+01  1.395E+01
   6300    146.132  1.69E-03  1.972E-01  9.119E-01  3.572E+01  3.36526E-07  2.56460E+01  1.428E+01
   6400    146.296  1.46E-03  1.981E-01  1.446E+00  3.572E+01  3.35991E-07  2.56571E+01  1.650E+01
   6500    146.450  1.61E-03  1.980E-01  9.904E-01  3.572E+01  3.35584E-07  2.56631E+01  1.496E+01
   6600    146.602  1.44E-03  1.978E-01  1.240E+00  3.572E+01  3.35211E-07  2.56596E+01  1.679E+01
   6700    146.755  1.52E-03  1.964E-01  9.965E-01  3.572E+01  3.34715E-07  2.56441E+01  1.590E+01
   6800    146.924  1.68E-03  1.955E-01  9.372E-01  3.572E+01  3.33962E-07  2.56413E+01  1.440E+01
   6900    147.089  1.63E-03  1.969E-01  8.940E-01  3.572E+01  3.33290E-07  2.56262E+01  1.485E+01
   7000    147.253  1.45E-03  1.965E-01  1.309E+00  3.572E+01  3.32642E-07  2.56021E+01  1.661E+01
   7100    147.402  1.67E-03  1.951E-01  9.332E-01  3.572E+01  3.32019E-07  2.56004E+01  1.442E+01
   7200    147.564  1.69E-03  1.950E-01  1.060E+00  3.572E+01  3.31205E-07  2.56128E+01  1.429E+01
   7300    147.727  1.57E-03  1.962E-01  1.054E+00  3.572E+01  3.30372E-07  2.56162E+01  1.537E+01
   7400    147.894  1.56E-03  1.967E-01  9.324E-01  3.572E+01  3.29605E-07  2.56083E+01  1.546E+01
   7500    148.062  1.70E-03  1.962E-01  8.758E-01  3.572E+01  3.28901E-07  2.56105E+01  1.421E+01
   7600    148.229  1.70E-03  1.954E-01  1.042E+00  3.572E+01  3.28042E-07  2.56217E+01  1.422E+01
   7700    148.396  1.61E-03  1.959E-01  1.188E+00  3.572E+01  3.27277E-07  2.56233E+01  1.497E+01
   7800    148.563  1.55E-03  1.965E-01  1.026E+00  3.572E+01  3.26434E-07  2.56323E+01  1.556E+01
   7900    148.721  1.37E-03  1.954E-01  1.282E+00  3.572E+01  3.25638E-07  2.56326E+01  1.761E+01
   8000    148.877  1.69E-03  1.951E-01  9.466E-01  3.572E+01  3.24855E-07  2.56253E+01  1.427E+01
   8100    149.033  1.63E-03  1.952E-01  9.558E-01  3.572E+01  3.24305E-07  2.56265E+01  1.479E+01
   8200    149.197  1.65E-03  1.960E-01  9.941E-01  3.572E+01  3.23753E-07  2.56365E+01  1.464E+01
