#---it-------t---------dt-------urms-------umax-------rhom--------brms---------TT2m--------Rmesh---
      0      0.000  2.68E-03  0.000E+00  0.000E+00  1.539E+01  2.49987E-03  8.65142E+01  3.497E+00
    100      0.260  2.57E-03  7.052E-02  2.171E-01  1.539E+01  1.54697E-03  8.65187E+01  3.645E+00
    200      0.513  2.51E-03  1.002E-01  3.086E-01  1.539E+01  1.09406E-03  8.65310E+01  3.746E+00
    300      0.761  2.46E-03  1.207E-01  3.280E-01  1.539E+01  8.52599E-04  8.65501E+01  3.822E+00
    400      1.005  2.43E-03  1.346E-01  3.959E-01  1.539E+01  7.09244E-04  8.65745E+01  3.872E+00
    500      1.248  2.44E-03  1.434E-01  4.144E-01  1.539E+01  6.16187E-04  8.66035E+01  3.858E+00
    600      1.492  2.45E-03  1.462E-01  4.717E-01  1.539E+01  5.51084E-04  8.66350E+01  3.835E+00
    700      1.734  2.39E-03  1.631E-01  5.299E-01  1.539E+01  5.04893E-04  8.66701E+01  3.932E+00
    800      1.969  2.30E-03  1.716E-01  5.751E-01  1.539E+01  4.72709E-04  8.67094E+01  4.092E+00
    900      2.200  2.33E-03  1.753E-01  5.606E-01  1.539E+01  4.49246E-04  8.67521E+01  4.034E+00
   1000      2.435  2.38E-03  1.778E-01  5.176E-01  1.539E+01  4.31688E-04  8.67973E+01  3.952E+00
   1100      2.671  2.35E-03  1.805E-01  5.413E-01  1.539E+01  4.19265E-04  8.68444E+01  4.002E+00
   1200      2.905  2.31E-03  1.837E-01  5.623E-01  1.539E+01  4.10911E-04  8.68927E+01  4.070E+00
   1300      3.138  2.32E-03  1.867E-01  5.760E-01  1.539E+01  4.06465E-04  8.69428E+01  4.066E+00
   1400      3.372  2.36E-03  1.933E-01  6.598E-01  1.539E+01  4.06086E-04  8.69962E+01  3.990E+00
   1500      3.607  2.33E-03  1.946E-01  7.101E-01  1.539E+01  4.09365E-04  8.70512E+01  4.038E+00
   1600      3.839  2.34E-03  1.966E-01  6.899E-01  1.539E+01  4.15697E-04  8.71052E+01  4.030E+00
   1700      4.073  2.34E-03  1.973E-01  6.255E-01  1.539E+01  4.25134E-04  8.71602E+01  4.018E+00
   1800      4.306  2.32E-03  2.021E-01  6.640E-01  1.539E+01  4.38080E-04  8.72166E+01  4.059E+00
   1900      4.539  2.32E-03  2.076E-01  6.684E-01  1.539E+01  4.55396E-04  8.72758E+01  4.062E+00
   2000      4.770  2.30E-03  2.077E-01  6.583E-01  1.539E+01  4.76692E-04  8.73364E+01  4.088E+00
   2100      5.001  2.30E-03  2.110E-01  6.779E-01  1.539E+01  5.01687E-04  8.73975E+01  4.093E+00
   2200      5.231  2.30E-03  2.122E-01  6.969E-01  1.539E+01  5.31106E-04  8.74601E+01  4.102E+00
   2300      5.461  2.31E-03  2.097E-01  6.666E-01  1.539E+01  5.64064E-04  8.75237E+01  4.082E+00
   2400      5.691  2.31E-03  2.118E-01  6.793E-01  1.539E+01  6.00472E-04  8.75858E+01  4.078E+00
   2500      5.921  2.32E-03  2.079E-01  6.586E-01  1.539E+01  6.40786E-04  8.76481E+01  4.065E+00
   2600      6.151  2.29E-03  2.164E-01  6.978E-01  1.539E+01  6.87679E-04  8.77138E+01  4.105E+00
   2700      6.379  2.26E-03  2.193E-01  6.849E-01  1.539E+01  7.41330E-04  8.77806E+01  4.173E+00
   2800      6.605  2.25E-03  2.168E-01  6.603E-01  1.539E+01  7.98992E-04  8.78468E+01  4.185E+00
   2900      6.829  2.24E-03  2.199E-01  7.148E-01  1.539E+01  8.62959E-04  8.79128E+01  4.205E+00
   3000      7.052  2.24E-03  2.193E-01  6.642E-01  1.539E+01  9.33991E-04  8.79769E+01  4.206E+00
   3100      7.274  2.24E-03  2.140E-01  6.672E-01  1.539E+01  1.00783E-03  8.80388E+01  4.201E+00
   3200      7.500  2.27E-03  2.105E-01  6.825E-01  1.539E+01  1.08516E-03  8.80986E+01  4.152E+00
   3300      7.727  2.26E-03  2.155E-01  7.001E-01  1.539E+01  1.17153E-03  8.81605E+01  4.162E+00
   3400      7.952  2.24E-03  2.166E-01  6.876E-01  1.539E+01  1.26715E-03  8.82261E+01  4.211E+00
   3500      8.177  2.29E-03  2.193E-01  7.178E-01  1.539E+01  1.37105E-03  8.82920E+01  4.116E+00
   3600      8.404  2.25E-03  2.224E-01  6.690E-01  1.539E+01  1.48887E-03  8.83619E+01  4.191E+00
   3700      8.628  2.21E-03  2.261E-01  6.832E-01  1.539E+01  1.61475E-03  8.84330E+01  4.258E+00
   3800      8.850  2.24E-03  2.225E-01  6.843E-01  1.539E+01  1.74388E-03  8.85024E+01  4.202E+00
   3900      9.071  2.21E-03  2.236E-01  6.667E-01  1.539E+01  1.87960E-03  8.85712E+01  4.260E+00
   4000      9.294  2.22E-03  2.224E-01  6.295E-01  1.539E+01  2.02608E-03  8.86395E+01  4.244E+00
   4100      9.517  2.21E-03  2.178E-01  7.037E-01  1.539E+01  2.18379E-03  8.87056E+01  4.266E+00
   4200      9.738  2.23E-03  2.250E-01  7.075E-01  1.539E+01  2.35161E-03  8.87712E+01  4.220E+00
   4300      9.961  2.22E-03  2.264E-01  6.476E-01  1.539E+01  2.53993E-03  8.88411E+01  4.254E+00
   4400     10.185  2.23E-03  2.271E-01  6.179E-01  1.539E+01  2.74841E-03  8.89132E+01  4.233E+00
   4500     10.409  2.25E-03  2.276E-01  6.571E-01  1.539E+01  2.97534E-03  8.89862E+01  4.192E+00
   4600     10.636  2.29E-03  2.299E-01  7.188E-01  1.539E+01  3.22883E-03  8.90637E+01  4.119E+00
   4700     10.863  2.27E-03  2.257E-01  6.543E-01  1.539E+01  3.50168E-03  8.91394E+01  4.145E+00
   4800     11.088  2.22E-03  2.247E-01  6.449E-01  1.539E+01  3.78752E-03  8.92147E+01  4.256E+00
   4900     11.311  2.21E-03  2.245E-01  6.560E-01  1.539E+01  4.09584E-03  8.92884E+01  4.261E+00
   5000     11.533  2.22E-03  2.233E-01  6.782E-01  1.539E+01  4.42259E-03  8.93587E+01  4.243E+00
   5100     11.757  2.26E-03  2.261E-01  6.492E-01  1.539E+01  4.78658E-03  8.94318E+01  4.176E+00
   5200     11.984  2.26E-03  2.267E-01  6.706E-01  1.539E+01  5.18170E-03  8.95042E+01  4.164E+00
   5300     12.211  2.27E-03  2.289E-01  6.840E-01  1.539E+01  5.61890E-03  8.95774E+01  4.158E+00
   5400     12.437  2.25E-03  2.274E-01  6.535E-01  1.539E+01  6.09098E-03  8.96516E+01  4.188E+00
   5500     12.664  2.29E-03  2.282E-01  6.739E-01  1.539E+01  6.61553E-03  8.97267E+01  4.118E+00
   5600     12.893  2.30E-03  2.240E-01  6.224E-01  1.539E+01  7.17891E-03  8.98030E+01  4.104E+00
   5700     13.121  2.30E-03  2.267E-01  6.536E-01  1.539E+01  7.78513E-03  8.98815E+01  4.100E+00
   5800     13.350  2.28E-03  2.262E-01  6.546E-01  1.539E+01  8.44375E-03  8.99608E+01  4.138E+00
   5900     13.577  2.26E-03  2.320E-01  6.617E-01  1.539E+01  9.16231E-03  9.00431E+01  4.164E+00
   6000     13.801  2.22E-03  2.311E-01  6.987E-01  1.539E+01  9.97325E-03  9.01257E+01  4.242E+00
   6100     14.023  2.23E-03  2.269E-01  6.679E-01  1.539E+01  1.08329E-02  9.02048E+01  4.230E+00
   6200     14.245  2.23E-03  2.210E-01  6.415E-01  1.539E+01  1.17400E-02  9.02812E+01  4.233E+00
   6300     14.465  2.17E-03  2.194E-01  6.249E-01  1.539E+01  1.26975E-02  9.03541E+01  4.350E+00
   6400     14.681  2.14E-03  2.201E-01  6.639E-01  1.539E+01  1.37088E-02  9.04239E+01  4.412E+00
   6500     14.898  2.19E-03  2.137E-01  6.111E-01  1.539E+01  1.47939E-02  9.04936E+01  4.297E+00
   6600     15.118  2.19E-03  2.171E-01  6.619E-01  1.539E+01  1.59724E-02  9.05632E+01  4.314E+00
   6700     15.337  2.21E-03  2.118E-01  6.620E-01  1.539E+01  1.72831E-02  9.06371E+01  4.276E+00
   6800     15.555  2.14E-03  2.131E-01  7.033E-01  1.539E+01  1.86920E-02  9.07117E+01  4.412E+00
   6900     15.764  2.03E-03  2.147E-01  7.198E-01  1.539E+01  2.01683E-02  9.07853E+01  4.663E+00
   7000     15.966  1.97E-03  2.182E-01  7.354E-01  1.539E+01  2.17098E-02  9.08595E+01  4.815E+00
   7100     16.158  1.90E-03  2.186E-01  7.711E-01  1.539E+01  2.33196E-02  9.09318E+01  4.988E+00
   7200     16.352  1.95E-03  2.205E-01  7.929E-01  1.539E+01  2.50774E-02  9.10063E+01  4.843E+00
   7300     16.545  1.95E-03  2.234E-01  6.977E-01  1.539E+01  2.69944E-02  9.10827E+01  4.862E+00
   7400     16.742  1.95E-03  2.235E-01  7.220E-01  1.539E+01  2.91299E-02  9.11620E+01  4.856E+00
   7500     16.936  1.92E-03  2.243E-01  7.085E-01  1.539E+01  3.14346E-02  9.12421E+01  4.934E+00
   7600     17.129  1.91E-03  2.239E-01  7.266E-01  1.539E+01  3.38812E-02  9.13222E+01  4.949E+00
   7700     17.308  1.65E-03  2.196E-01  6.401E-01  1.539E+01  3.62725E-02  9.13973E+01  5.771E+00
   7800     17.463  1.46E-03  2.216E-01  6.688E-01  1.539E+01  3.84781E-02  9.14637E+01  6.527E+00
   7900     17.605  1.40E-03  2.204E-01  6.636E-01  1.539E+01  4.06029E-02  9.15266E+01  6.812E+00
   8000     17.743  1.35E-03  2.173E-01  7.099E-01  1.539E+01  4.27203E-02  9.15899E+01  7.057E+00
   8100     17.852  8.03E-04  2.187E-01  6.535E-01  1.538E+01  4.44348E-02  9.16453E+01  1.190E+01
   8200     17.907  3.26E-04  2.174E-01  1.111E+00  1.538E+01  4.53119E-02  9.18283E+01  2.937E+01
   8300     17.927  1.08E-04  2.157E-01  2.407E+00  1.538E+01  4.56300E-02  1.03731E+02  8.871E+01
   8400     17.934  5.15E-05  2.147E-01  2.565E+00  1.538E+01  4.57479E-02  3.10977E+02  1.859E+02
   8500     17.938  3.75E-05  2.141E-01  2.581E+00  1.538E+01  4.58165E-02  8.72185E+02  2.552E+02
   8600     17.942  3.25E-05  2.139E-01  2.523E+00  1.538E+01  4.58718E-02  1.47683E+03  2.945E+02
   8700     17.945  3.12E-05  2.138E-01  2.511E+00  1.538E+01  4.59223E-02  1.72211E+03  3.066E+02
   8800     17.948  3.26E-05  2.137E-01  2.807E+00  1.538E+01  4.59733E-02  1.49309E+03  2.940E+02
   8900     17.951  3.53E-05  2.140E-01  3.057E+00  1.538E+01  4.60279E-02  1.14310E+03  2.715E+02
   9000     17.955  3.79E-05  2.133E-01  3.283E+00  1.538E+01  4.60867E-02  9.12942E+02  2.529E+02
   9100     17.959  3.89E-05  2.130E-01  3.513E+00  1.538E+01  4.61483E-02  8.67321E+02  2.466E+02
   9200     17.963  3.79E-05  2.131E-01  3.830E+00  1.538E+01  4.62101E-02  1.25388E+03  2.531E+02
   9300     17.966  3.35E-05  2.133E-01  4.257E+00  1.538E+01  4.62683E-02  2.34233E+03  2.858E+02
   9400     17.970  3.35E-05  2.136E-01  4.482E+00  1.538E+01  4.63219E-02  2.62618E+03  2.861E+02
   9500     17.973  3.14E-05  2.138E-01  4.745E+00  1.538E+01  4.63750E-02  2.72216E+03  3.051E+02
   9600     17.976  2.74E-05  2.142E-01  5.108E+00  1.538E+01  4.64231E-02  3.69413E+03  3.490E+02
   9700     17.978  2.30E-05  2.137E-01  5.549E+00  1.538E+01  4.64643E-02  7.72352E+03  4.168E+02
   9800     17.981  1.94E-05  2.135E-01  5.910E+00  1.538E+01  4.64986E-02  1.57001E+04  4.940E+02
   9900     17.982  1.67E-05  2.136E-01  6.254E+00  1.538E+01  4.65277E-02  2.56413E+04  5.750E+02
  10000     17.984  1.44E-05  2.136E-01  6.552E+00  1.538E+01  4.65526E-02  4.14328E+04  6.660E+02
  10100     17.985  1.26E-05  2.136E-01  6.748E+00  1.538E+01  4.65741E-02  6.76249E+04  7.621E+02
  10200     17.986  1.14E-05  2.137E-01  7.005E+00  1.538E+01  4.65933E-02  9.77244E+04  8.388E+02
  10300     17.988  1.05E-05  2.136E-01  7.095E+00  1.538E+01  4.66110E-02  1.34283E+05  9.097E+02
  10400     17.989  9.61E-06  2.136E-01  7.954E+00  1.538E+01  4.66274E-02  1.93600E+05  9.969E+02
  10500     17.989  8.89E-06  2.132E-01  7.535E+00  1.538E+01  4.66424E-02  2.83540E+05  1.077E+03
  10600     17.990  8.08E-06  2.130E-01  8.914E+00  1.538E+01  4.66562E-02  4.43440E+05  1.185E+03
  10700     17.991  7.79E-06  2.128E-01  8.448E+00  1.538E+01  4.66691E-02  5.48012E+05  1.230E+03
  10800     17.992  7.40E-06  2.126E-01  8.873E+00  1.538E+01  4.66813E-02  6.49174E+05  1.295E+03
  10900     17.993  7.22E-06  2.128E-01  9.202E+00  1.538E+01  4.66930E-02  7.09645E+05  1.327E+03
  11000     17.993  7.24E-06  2.127E-01  9.095E+00  1.538E+01  4.67047E-02  7.44823E+05  1.323E+03
  11100     17.994  7.53E-06  2.128E-01  1.100E+01  1.538E+01  4.67165E-02  7.55773E+05  1.272E+03
  11200     17.995  7.80E-06  2.128E-01  1.112E+01  1.538E+01  4.67288E-02  7.97975E+05  1.227E+03
  11300     17.996  8.39E-06  2.129E-01  1.083E+01  1.538E+01  4.67420E-02  7.69758E+05  1.142E+03
  11400     17.996  8.20E-06  2.126E-01  1.150E+01  1.538E+01  4.67556E-02  9.13953E+05  1.169E+03
  11500     17.997  5.02E-06  2.132E-01  2.087E+01  1.538E+01  4.67667E-02  4.18154E+06  1.907E+03
  11600     17.998  3.78E-06  2.132E-01  1.961E+01  1.538E+01  4.67737E-02  1.03053E+07  2.531E+03
  11700     17.998  3.37E-06  2.136E-01  2.621E+01  1.538E+01  4.67794E-02  2.30964E+07  2.843E+03
  11800     17.998  2.71E-06  2.132E-01  1.634E+01  1.538E+01  4.67843E-02  4.13571E+07  3.531E+03
  11900     17.999  2.36E-06  2.131E-01  1.133E+01  1.538E+01  4.67884E-02  6.38737E+07  4.062E+03
  12000     17.999  2.50E-06  2.135E-01  2.238E+01  1.538E+01  4.67924E-02  7.53659E+07  3.829E+03
  12100     17.999  2.40E-06  2.135E-01  2.253E+01  1.538E+01  4.67965E-02  8.19847E+07  3.988E+03
  12200     17.999  2.35E-06  2.133E-01  1.509E+01  1.538E+01  4.68003E-02  9.03149E+07  4.074E+03
  12300     17.999  2.47E-06  2.137E-01  2.134E+01  1.538E+01  4.68042E-02  7.39116E+07  3.871E+03
  12400     18.000  2.65E-06  2.139E-01  2.446E+01  1.538E+01  4.68083E-02  6.19143E+07  3.620E+03
  12500     18.000  2.69E-06  2.136E-01  2.398E+01  1.538E+01  4.68127E-02  5.51896E+07  3.566E+03
  12600     18.000  2.70E-06  2.142E-01  2.659E+01  1.538E+01  4.68172E-02  5.36093E+07  3.544E+03
  12700     18.001  2.68E-06  2.133E-01  1.707E+01  1.538E+01  4.68216E-02  5.61749E+07  3.571E+03
  12800     18.001  2.65E-06  2.132E-01  1.642E+01  1.538E+01  4.68258E-02  6.22256E+07  3.610E+03
  12900     18.001  2.60E-06  2.135E-01  2.267E+01  1.538E+01  4.68301E-02  6.59695E+07  3.683E+03
  13000     18.001  2.64E-06  2.135E-01  1.674E+01  1.538E+01  4.68345E-02  6.99960E+07  3.628E+03
  13100     18.002  2.46E-06  2.140E-01  2.335E+01  1.538E+01  4.68390E-02  9.40523E+07  3.887E+03
  13200     18.002  2.43E-06  2.143E-01  3.110E+01  1.538E+01  4.68434E-02  9.44737E+07  3.944E+03
  13300     18.002  2.40E-06  2.146E-01  4.149E+01  1.538E+01  4.68473E-02  9.86504E+07  3.992E+03
  13400     18.002  2.64E-06  2.148E-01  4.057E+01  1.538E+01  4.68516E-02  8.77733E+07  3.627E+03
  13500     18.003  2.39E-06  2.143E-01  2.842E+01  1.538E+01  4.68558E-02  1.46800E+08  4.002E+03
  13600     18.003  1.31E-06  2.311E-01  1.463E+02  1.538E+01  4.68594E-02  1.05660E+09  7.308E+03
