2609      8.03493

-8.1095, -8.1095, -8.1095, -8.1095, -8.1095, -8.1095, 
-8.1095, -8.1095, -8.1095, -8.1095, -8.1095, -8.1095, 
-8.1095, -8.1095, -8.1095, -8.1095, -8.1095, -8.1095, 
-8.1095, -8.1095, -8.1095, -8.1095, -8.1095, -8.1095, 
-8.1095, -8.1095, -8.1095, -8.1095, -8.1095, -7.7168, 
-7.7168, -7.7168, -7.7168, -7.7168, -7.7168, -7.7168, 
-7.7168, -7.7168, -7.7168, -7.7168, -7.7168, -7.7168, 
-7.7168, -7.7168, -7.7168, -7.7168, -7.7168, -7.7168, 
-7.7168, -7.7168, -7.7168, -7.7168, -7.7168, -7.7168, 
-7.7168, -7.7168, -7.7168, -7.7168, -7.7168, -7.7168, 
-7.7168, -7.7168, -7.7168, -7.7168, -7.7168, -7.7168, 
-7.7168, -7.7168, -7.7168, -7.7168, -7.7168, -7.7168, 
-7.7168, -7.7168, -7.7168, -7.7168, -7.7168, -7.3241, 
-7.3241, -7.3241, -7.3241, -7.3241, -7.3241, -7.3241, 
-7.3241, -7.3241, -7.3241, -7.3241, -7.3241, -7.3241, 
-7.3241, -7.3241, -7.3241, -7.3241, -7.3241, -7.3241, 
-7.3241, -7.3241, -7.3241, -7.3241, -7.3241, -7.3241, 
-7.3241, -7.3241, -7.3241, -7.3241, -7.3241, -7.3241, 
-7.3241, -7.3241, -7.3241, -7.3241, -7.3241, -7.3241, 
-7.3241, -7.3241, -7.3241, -7.3241, -7.3241, -7.3241, 
-7.3241, -7.3241, -7.3241, -7.3241, -7.3241, -7.3241, 
-7.3241, -7.3241, -7.3241, -7.3241, -7.3241, -7.3241, 
-7.3241, -7.3241, -7.3241, -7.3241, -7.3241, -7.3241, 
-7.3241, -7.3241, -7.3241, -7.3241, -7.3241, -7.3241, 
-7.3241, -7.3241, -7.3241, -6.9314, -6.9314, -6.9314, 
-6.9314, -6.9314, -6.9314, -6.9314, -6.9314, -6.9314, 
-6.9314, -6.9314, -6.9314, -6.9314, -6.9314, -6.9314, 
-6.9314, -6.9314, -6.9314, -6.9314, -6.9314, -6.9314, 
-6.9314, -6.9314, -6.9314, -6.9314, -6.9314, -6.9314, 
-6.9314, -6.9314, -6.9314, -6.9314, -6.9314, -6.9314, 
-6.9314, -6.9314, -6.9314, -6.9314, -6.9314, -6.9314, 
-6.9314, -6.9314, -6.9314, -6.9314, -6.9314, -6.9314, 
-6.9314, -6.9314, -6.9314, -6.9314, -6.9314, -6.9314, 
-6.9314, -6.9314, -6.9314, -6.9314, -6.9314, -6.9314, 
-6.9314, -6.9314, -6.9314, -6.9314, -6.9314, -6.9314, 
-6.9314, -6.9314, -6.5387, -6.5387, -6.5387, -6.5387, 
-6.5387, -6.5387, -6.5387, -6.5387, -6.5387, -6.5387, 
-6.5387, -6.5387, -6.5387, -6.5387, -6.5387, -6.5387, 
-6.5387, -6.5387, -6.5387, -6.5387, -6.5387, -6.5387, 
-6.5387, -6.5387, -6.5387, -6.5387, -6.5387, -6.5387, 
-6.5387, -6.5387, -6.5387, -6.5387, -6.5387, -6.5387, 
-6.5387, -6.5387, -6.5387, -6.5387, -6.5387, -6.5387, 
-6.5387, -6.5387, -6.5387, -6.5387, -6.5387, -6.5387, 
-6.5387, -6.5387, -6.5387, -6.5387, -6.5387, -6.5387, 
-6.5387, -6.5387, -6.5387, -6.5387, -6.5387, -6.5387, 
-6.5387, -6.5387, -6.5387, -6.5387, -6.5387, -6.5387, 
-6.5387, -6.5387, -6.5387, -6.1460, -6.1460, -6.1460, 
-6.1460, -6.1460, -6.1460, -6.1460, -6.1460, -6.1460, 
-6.1460, -6.1460, -6.1460, -6.1460, -6.1460, -6.1460, 
-6.1460, -6.1460, -6.1460, -6.1460, -6.1460, -6.1460, 
-6.1460, -6.1460, -6.1460, -6.1460, -6.1460, -6.1460, 
-6.1460, -6.1460, -6.1460, -6.1460, -6.1460, -6.1460, 
-6.1460, -6.1460, -6.1460, -6.1460, -6.1460, -6.1460, 
-6.1460, -6.1460, -6.1460, -6.1460, -6.1460, -6.1460, 
-6.1460, -6.1460, -6.1460, -6.1460, -6.1460, -6.1460, 
-6.1460, -5.7533, -5.7533, -5.7533, -5.7533, -5.7533, 
-5.7533, -5.7533, -5.7533, -5.7533, -5.7533, -5.7533, 
-5.7533, -5.7533, -5.7533, -5.7533, -5.7533, -5.7533, 
-5.7533, -5.7533, -5.7533, -5.7533, -5.7533, -5.7533, 
-5.7533, -5.7533, -5.7533, -5.7533, -5.7533, -5.7533, 
-5.7533, -5.7533, -5.7533, -5.7533, -5.7533, -5.7533, 
-5.7533, -5.7533, -5.7533, -5.7533, -5.7533, -5.7533, 
-5.7533, -5.7533, -5.7533, -5.7533, -5.7533, -5.7533, 
-5.7533, -5.7533, -5.7533, -5.7533, -5.7533, -5.7533, 
-5.7533, -5.7533, -5.7533, -5.7533, -5.7533, -5.7533, 
-5.7533, -5.7533, -5.7533, -5.3606, -5.3606, -5.3606, 
-5.3606, -5.3606, -5.3606, -5.3606, -5.3606, -5.3606, 
-5.3606, -5.3606, -5.3606, -5.3606, -5.3606, -5.3606, 
-5.3606, -5.3606, -5.3606, -5.3606, -5.3606, -5.3606, 
-5.3606, -5.3606, -5.3606, -5.3606, -5.3606, -5.3606, 
-5.3606, -5.3606, -5.3606, -5.3606, -5.3606, -5.3606, 
-5.3606, -5.3606, -5.3606, -5.3606, -5.3606, -5.3606, 
-5.3606, -5.3606, -5.3606, -5.3606, -5.3606, -5.3606, 
-5.3606, -5.3606, -5.3606, -5.3606, -5.3606, -5.3606, 
-5.3606, -5.3606, -5.3606, -5.3606, -5.3606, -5.3606, 
-5.3606, -5.3606, -5.3606, -5.3606, -5.3606, -5.3606, 
-5.3606, -5.3606, -5.3606, -5.3606, -5.3606, -5.3606, 
-5.3606, -5.3606, -4.9679, -4.9679, -4.9679, -4.9679, 
-4.9679, -4.9679, -4.9679, -4.9679, -4.9679, -4.9679, 
-4.9679, -4.9679, -4.9679, -4.9679, -4.9679, -4.9679, 
-4.9679, -4.9679, -4.9679, -4.9679, -4.9679, -4.9679, 
-4.9679, -4.9679, -4.9679, -4.9679, -4.9679, -4.9679, 
-4.9679, -4.9679, -4.9679, -4.9679, -4.9679, -4.9679, 
-4.9679, -4.9679, -4.9679, -4.9679, -4.9679, -4.9679, 
-4.9679, -4.9679, -4.9679, -4.9679, -4.9679, -4.9679, 
-4.9679, -4.9679, -4.9679, -4.9679, -4.9679, -4.9679, 
-4.9679, -4.9679, -4.9679, -4.9679, -4.9679, -4.9679, 
-4.9679, -4.9679, -4.9679, -4.9679, -4.9679, -4.9679, 
-4.9679, -4.9679, -4.9679, -4.9679, -4.9679, -4.9679, 
-4.9679, -4.9679, -4.9679, -4.5752, -4.5752, -4.5752, 
-4.5752, -4.5752, -4.5752, -4.5752, -4.5752, -4.5752, 
-4.5752, -4.5752, -4.5752, -4.5752, -4.5752, -4.5752, 
-4.5752, -4.5752, -4.5752, -4.5752, -4.5752, -4.5752, 
-4.5752, -4.5752, -4.5752, -4.5752, -4.5752, -4.5752, 
-4.5752, -4.5752, -4.5752, -4.5752, -4.5752, -4.5752, 
-4.5752, -4.5752, -4.5752, -4.5752, -4.5752, -4.5752, 
-4.5752, -4.5752, -4.5752, -4.5752, -4.5752, -4.5752, 
-4.5752, -4.5752, -4.5752, -4.5752, -4.5752, -4.5752, 
-4.5752, -4.5752, -4.5752, -4.5752, -4.5752, -4.5752, 
-4.5752, -4.5752, -4.5752, -4.5752, -4.5752, -4.5752, 
-4.5752, -4.5752, -4.5752, -4.5752, -4.5752, -4.5752, 
-4.5752, -4.5752, -4.5752, -4.5752, -4.5752, -4.5752, 
-4.5752, -4.1825, -4.1825, -4.1825, -4.1825, -4.1825, 
-4.1825, -4.1825, -4.1825, -4.1825, -4.1825, -4.1825, 
-4.1825, -4.1825, -4.1825, -4.1825, -4.1825, -4.1825, 
-4.1825, -4.1825, -4.1825, -4.1825, -4.1825, -4.1825, 
-4.1825, -4.1825, -4.1825, -4.1825, -4.1825, -4.1825, 
-4.1825, -4.1825, -4.1825, -4.1825, -4.1825, -4.1825, 
-4.1825, -4.1825, -4.1825, -4.1825, -4.1825, -4.1825, 
-4.1825, -4.1825, -4.1825, -4.1825, -4.1825, -4.1825, 
-4.1825, -4.1825, -4.1825, -4.1825, -4.1825, -4.1825, 
-4.1825, -4.1825, -4.1825, -4.1825, -4.1825, -4.1825, 
-4.1825, -4.1825, -4.1825, -3.7898, -3.7898, -3.7898, 
-3.7898, -3.7898, -3.7898, -3.7898, -3.7898, -3.7898, 
-3.7898, -3.7898, -3.7898, -3.7898, -3.7898, -3.7898, 
-3.7898, -3.7898, -3.7898, -3.7898, -3.7898, -3.7898, 
-3.7898, -3.7898, -3.7898, -3.7898, -3.7898, -3.7898, 
-3.7898, -3.7898, -3.7898, -3.7898, -3.7898, -3.7898, 
-3.7898, -3.7898, -3.7898, -3.7898, -3.7898, -3.7898, 
-3.7898, -3.7898, -3.7898, -3.7898, -3.7898, -3.7898, 
-3.7898, -3.7898, -3.7898, -3.7898, -3.7898, -3.7898, 
-3.7898, -3.7898, -3.7898, -3.7898, -3.7898, -3.3971, 
-3.3971, -3.3971, -3.3971, -3.3971, -3.3971, -3.3971, 
-3.3971, -3.3971, -3.3971, -3.3971, -3.3971, -3.3971, 
-3.3971, -3.3971, -3.3971, -3.3971, -3.3971, -3.3971, 
-3.3971, -3.3971, -3.3971, -3.3971, -3.3971, -3.3971, 
-3.3971, -3.3971, -3.3971, -3.3971, -3.3971, -3.3971, 
-3.3971, -3.3971, -3.3971, -3.3971, -3.3971, -3.3971, 
-3.3971, -3.3971, -3.3971, -3.3971, -3.3971, -3.3971, 
-3.3971, -3.3971, -3.3971, -3.3971, -3.3971, -3.3971, 
-3.3971, -3.3971, -3.3971, -3.3971, -3.3971, -3.0044, 
-3.0044, -3.0044, -3.0044, -3.0044, -3.0044, -3.0044, 
-3.0044, -3.0044, -3.0044, -3.0044, -3.0044, -3.0044, 
-3.0044, -3.0044, -3.0044, -3.0044, -3.0044, -3.0044, 
-3.0044, -3.0044, -3.0044, -3.0044, -3.0044, -3.0044, 
-3.0044, -3.0044, -3.0044, -3.0044, -3.0044, -3.0044, 
-3.0044, -3.0044, -3.0044, -3.0044, -3.0044, -3.0044, 
-3.0044, -3.0044, -3.0044, -3.0044, -3.0044, -3.0044, 
-3.0044, -3.0044, -3.0044, -3.0044, -2.6117, -2.6117, 
-2.6117, -2.6117, -2.6117, -2.6117, -2.6117, -2.6117, 
-2.6117, -2.6117, -2.6117, -2.6117, -2.6117, -2.6117, 
-2.6117, -2.6117, -2.6117, -2.6117, -2.6117, -2.6117, 
-2.6117, -2.6117, -2.6117, -2.6117, -2.6117, -2.6117, 
-2.6117, -2.6117, -2.6117, -2.6117, -2.6117, -2.6117, 
-2.6117, -2.6117, -2.6117, -2.6117, -2.6117, -2.6117, 
-2.6117, -2.6117, -2.6117, -2.6117, -2.6117, -2.6117, 
-2.6117, -2.6117, -2.6117, -2.6117, -2.6117, -2.6117, 
-2.6117, -2.6117, -2.6117, -2.6117, -2.6117, -2.6117, 
-2.6117, -2.6117, -2.6117, -2.6117, -2.6117, -2.2190, 
-2.2190, -2.2190, -2.2190, -2.2190, -2.2190, -2.2190, 
-2.2190, -2.2190, -2.2190, -2.2190, -2.2190, -2.2190, 
-2.2190, -2.2190, -2.2190, -2.2190, -2.2190, -2.2190, 
-2.2190, -2.2190, -2.2190, -2.2190, -2.2190, -2.2190, 
-2.2190, -2.2190, -2.2190, -2.2190, -2.2190, -2.2190, 
-2.2190, -2.2190, -2.2190, -2.2190, -2.2190, -2.2190, 
-2.2190, -2.2190, -2.2190, -2.2190, -2.2190, -2.2190, 
-2.2190, -2.2190, -2.2190, -2.2190, -2.2190, -2.2190, 
-2.2190, -2.2190, -2.2190, -2.2190, -2.2190, -2.2190, 
-2.2190, -2.2190, -2.2190, -2.2190, -2.2190, -2.2190, 
-2.2190, -1.8263, -1.8263, -1.8263, -1.8263, -1.8263, 
-1.8263, -1.8263, -1.8263, -1.8263, -1.8263, -1.8263, 
-1.8263, -1.8263, -1.8263, -1.8263, -1.8263, -1.8263, 
-1.8263, -1.8263, -1.8263, -1.8263, -1.8263, -1.8263, 
-1.8263, -1.8263, -1.8263, -1.8263, -1.8263, -1.8263, 
-1.8263, -1.8263, -1.8263, -1.8263, -1.8263, -1.8263, 
-1.8263, -1.8263, -1.8263, -1.8263, -1.8263, -1.8263, 
-1.8263, -1.8263, -1.8263, -1.8263, -1.8263, -1.8263, 
-1.8263, -1.8263, -1.8263, -1.8263, -1.8263, -1.8263, 
-1.8263, -1.8263, -1.8263, -1.8263, -1.8263, -1.8263, 
-1.8263, -1.8263, -1.8263, -1.8263, -1.8263, -1.8263, 
-1.4336, -1.4336, -1.4336, -1.4336, -1.4336, -1.4336, 
-1.4336, -1.4336, -1.4336, -1.4336, -1.4336, -1.4336, 
-1.4336, -1.4336, -1.4336, -1.4336, -1.4336, -1.4336, 
-1.4336, -1.4336, -1.4336, -1.4336, -1.4336, -1.4336, 
-1.4336, -1.4336, -1.4336, -1.4336, -1.4336, -1.4336, 
-1.4336, -1.4336, -1.4336, -1.4336, -1.4336, -1.4336, 
-1.4336, -1.4336, -1.4336, -1.4336, -1.4336, -1.4336, 
-1.4336, -1.4336, -1.4336, -1.4336, -1.4336, -1.4336, 
-1.4336, -1.4336, -1.4336, -1.4336, -1.4336, -1.4336, 
-1.4336, -1.4336, -1.4336, -1.4336, -1.4336, -1.4336, 
-1.4336, -1.4336, -1.4336, -1.4336, -1.4336, -1.4336, 
-1.4336, -1.4336, -1.0409, -1.0409, -1.0409, -1.0409, 
-1.0409, -1.0409, -1.0409, -1.0409, -1.0409, -1.0409, 
-1.0409, -1.0409, -1.0409, -1.0409, -1.0409, -1.0409, 
-1.0409, -1.0409, -1.0409, -1.0409, -1.0409, -1.0409, 
-1.0409, -1.0409, -1.0409, -1.0409, -1.0409, -1.0409, 
-1.0409, -1.0409, -1.0409, -1.0409, -1.0409, -1.0409, 
-1.0409, -1.0409, -1.0409, -1.0409, -1.0409, -1.0409, 
-1.0409, -1.0409, -1.0409, -1.0409, -1.0409, -1.0409, 
-1.0409, -1.0409, -1.0409, -1.0409, -1.0409, -1.0409, 
-1.0409, -1.0409, -1.0409, -1.0409, -1.0409, -1.0409, 
-1.0409, -1.0409, -1.0409, -1.0409, -1.0409, -1.0409, 
-1.0409, -1.0409, -1.0409, -1.0409, -1.0409, -1.0409, 
-1.0409, -1.0409, -1.0409, -0.6482, -0.6482, -0.6482, 
-0.6482, -0.6482, -0.6482, -0.6482, -0.6482, -0.6482, 
-0.6482, -0.6482, -0.6482, -0.6482, -0.6482, -0.6482, 
-0.6482, -0.6482, -0.6482, -0.6482, -0.6482, -0.6482, 
-0.6482, -0.6482, -0.6482, -0.6482, -0.6482, -0.6482, 
-0.6482, -0.6482, -0.6482, -0.6482, -0.6482, -0.6482, 
-0.6482, -0.6482, -0.6482, -0.6482, -0.6482, -0.6482, 
-0.6482, -0.6482, -0.6482, -0.6482, -0.6482, -0.6482, 
-0.6482, -0.6482, -0.6482, -0.6482, -0.6482, -0.6482, 
-0.6482, -0.6482, -0.6482, -0.6482, -0.6482, -0.6482, 
-0.6482, -0.6482, -0.6482, -0.6482, -0.6482, -0.6482, 
-0.6482, -0.6482, -0.6482, -0.6482, -0.6482, -0.6482, 
-0.6482, -0.6482, -0.6482, -0.6482, -0.2555, -0.2555, 
-0.2555, -0.2555, -0.2555, -0.2555, -0.2555, -0.2555, 
-0.2555, -0.2555, -0.2555, -0.2555, -0.2555, -0.2555, 
-0.2555, -0.2555, -0.2555, -0.2555, -0.2555, -0.2555, 
-0.2555, -0.2555, -0.2555, -0.2555, -0.2555, -0.2555, 
-0.2555, -0.2555, -0.2555, -0.2555, -0.2555, -0.2555, 
-0.2555, -0.2555, -0.2555, -0.2555, -0.2555, -0.2555, 
-0.2555, -0.2555, -0.2555, -0.2555, -0.2555, -0.2555, 
-0.2555, -0.2555, -0.2555, -0.2555, -0.2555, -0.2555, 
-0.2555, -0.2555, -0.2555, -0.2555, -0.2555, -0.2555, 
-0.2555, -0.2555, -0.2555, -0.2555, -0.2555, -0.2555, 
-0.2555, -0.2555, -0.2555, -0.2555, -0.2555, -0.2555, 
-0.2555,  0.1372,  0.1372,  0.1372,  0.1372,  0.1372, 
 0.1372,  0.1372,  0.1372,  0.1372,  0.1372,  0.1372, 
 0.1372,  0.1372,  0.1372,  0.1372,  0.1372,  0.1372, 
 0.1372,  0.1372,  0.1372,  0.1372,  0.1372,  0.1372, 
 0.1372,  0.1372,  0.1372,  0.1372,  0.1372,  0.1372, 
 0.1372,  0.1372,  0.1372,  0.1372,  0.1372,  0.1372, 
 0.1372,  0.1372,  0.1372,  0.1372,  0.1372,  0.1372, 
 0.1372,  0.1372,  0.1372,  0.1372,  0.1372,  0.1372, 
 0.1372,  0.1372,  0.1372,  0.1372,  0.1372,  0.1372, 
 0.1372,  0.1372,  0.1372,  0.1372,  0.1372,  0.1372, 
 0.1372,  0.1372,  0.1372,  0.1372,  0.1372,  0.1372, 
 0.1372,  0.1372,  0.1372,  0.1372,  0.5299,  0.5299, 
 0.5299,  0.5299,  0.5299,  0.5299,  0.5299,  0.5299, 
 0.5299,  0.5299,  0.5299,  0.5299,  0.5299,  0.5299, 
 0.5299,  0.5299,  0.5299,  0.5299,  0.5299,  0.5299, 
 0.5299,  0.5299,  0.5299,  0.5299,  0.5299,  0.5299, 
 0.5299,  0.5299,  0.5299,  0.5299,  0.5299,  0.5299, 
 0.5299,  0.5299,  0.5299,  0.5299,  0.5299,  0.5299, 
 0.5299,  0.5299,  0.5299,  0.5299,  0.5299,  0.5299, 
 0.5299,  0.5299,  0.5299,  0.5299,  0.5299,  0.5299, 
 0.5299,  0.5299,  0.5299,  0.5299,  0.5299,  0.5299, 
 0.5299,  0.5299,  0.5299,  0.5299,  0.5299,  0.5299, 
 0.5299,  0.5299,  0.5299,  0.5299,  0.5299,  0.5299, 
 0.5299,  0.9226,  0.9226,  0.9226,  0.9226,  0.9226, 
 0.9226,  0.9226,  0.9226,  0.9226,  0.9226,  0.9226, 
 0.9226,  0.9226,  0.9226,  0.9226,  0.9226,  0.9226, 
 0.9226,  0.9226,  0.9226,  0.9226,  0.9226,  0.9226, 
 0.9226,  0.9226,  0.9226,  0.9226,  0.9226,  0.9226, 
 0.9226,  0.9226,  0.9226,  0.9226,  0.9226,  0.9226, 
 0.9226,  0.9226,  0.9226,  0.9226,  0.9226,  0.9226, 
 0.9226,  0.9226,  0.9226,  0.9226,  0.9226,  0.9226, 
 0.9226,  0.9226,  0.9226,  0.9226,  0.9226,  0.9226, 
 0.9226,  0.9226,  0.9226,  0.9226,  0.9226,  0.9226, 
 0.9226,  0.9226,  0.9226,  0.9226,  0.9226,  0.9226, 
 0.9226,  0.9226,  0.9226,  0.9226,  0.9226,  0.9226, 
 0.9226,  0.9226,  1.3153,  1.3153,  1.3153,  1.3153, 
 1.3153,  1.3153,  1.3153,  1.3153,  1.3153,  1.3153, 
 1.3153,  1.3153,  1.3153,  1.3153,  1.3153,  1.3153, 
 1.3153,  1.3153,  1.3153,  1.3153,  1.3153,  1.3153, 
 1.3153,  1.3153,  1.3153,  1.3153,  1.3153,  1.3153, 
 1.3153,  1.3153,  1.3153,  1.3153,  1.3153,  1.3153, 
 1.3153,  1.3153,  1.3153,  1.3153,  1.3153,  1.3153, 
 1.3153,  1.3153,  1.3153,  1.3153,  1.3153,  1.3153, 
 1.3153,  1.3153,  1.3153,  1.3153,  1.3153,  1.3153, 
 1.3153,  1.3153,  1.3153,  1.3153,  1.3153,  1.3153, 
 1.3153,  1.3153,  1.3153,  1.3153,  1.3153,  1.3153, 
 1.3153,  1.3153,  1.3153,  1.3153,  1.3153,  1.3153, 
 1.3153,  1.7080,  1.7080,  1.7080,  1.7080,  1.7080, 
 1.7080,  1.7080,  1.7080,  1.7080,  1.7080,  1.7080, 
 1.7080,  1.7080,  1.7080,  1.7080,  1.7080,  1.7080, 
 1.7080,  1.7080,  1.7080,  1.7080,  1.7080,  1.7080, 
 1.7080,  1.7080,  1.7080,  1.7080,  1.7080,  1.7080, 
 1.7080,  1.7080,  1.7080,  1.7080,  1.7080,  1.7080, 
 1.7080,  1.7080,  1.7080,  1.7080,  1.7080,  1.7080, 
 1.7080,  1.7080,  1.7080,  1.7080,  1.7080,  1.7080, 
 1.7080,  1.7080,  1.7080,  1.7080,  1.7080,  1.7080, 
 1.7080,  1.7080,  1.7080,  1.7080,  1.7080,  1.7080, 
 1.7080,  1.7080,  1.7080,  1.7080,  1.7080,  1.7080, 
 1.7080,  1.7080,  1.7080,  1.7080,  2.1007,  2.1007, 
 2.1007,  2.1007,  2.1007,  2.1007,  2.1007,  2.1007, 
 2.1007,  2.1007,  2.1007,  2.1007,  2.1007,  2.1007, 
 2.1007,  2.1007,  2.1007,  2.1007,  2.1007,  2.1007, 
 2.1007,  2.1007,  2.1007,  2.1007,  2.1007,  2.1007, 
 2.1007,  2.1007,  2.1007,  2.1007,  2.1007,  2.1007, 
 2.1007,  2.1007,  2.1007,  2.1007,  2.1007,  2.1007, 
 2.1007,  2.1007,  2.1007,  2.1007,  2.1007,  2.1007, 
 2.1007,  2.1007,  2.1007,  2.1007,  2.1007,  2.1007, 
 2.1007,  2.1007,  2.1007,  2.1007,  2.1007,  2.1007, 
 2.1007,  2.1007,  2.1007,  2.1007,  2.1007,  2.1007, 
 2.1007,  2.1007,  2.1007,  2.1007,  2.4934,  2.4934, 
 2.4934,  2.4934,  2.4934,  2.4934,  2.4934,  2.4934, 
 2.4934,  2.4934,  2.4934,  2.4934,  2.4934,  2.4934, 
 2.4934,  2.4934,  2.4934,  2.4934,  2.4934,  2.4934, 
 2.4934,  2.4934,  2.4934,  2.4934,  2.4934,  2.4934, 
 2.4934,  2.4934,  2.4934,  2.4934,  2.4934,  2.4934, 
 2.4934,  2.4934,  2.4934,  2.4934,  2.4934,  2.4934, 
 2.4934,  2.4934,  2.4934,  2.4934,  2.4934,  2.4934, 
 2.4934,  2.4934,  2.4934,  2.4934,  2.4934,  2.4934, 
 2.4934,  2.4934,  2.4934,  2.4934,  2.4934,  2.4934, 
 2.4934,  2.4934,  2.4934,  2.4934,  2.4934,  2.4934, 
 2.8861,  2.8861,  2.8861,  2.8861,  2.8861,  2.8861, 
 2.8861,  2.8861,  2.8861,  2.8861,  2.8861,  2.8861, 
 2.8861,  2.8861,  2.8861,  2.8861,  2.8861,  2.8861, 
 2.8861,  2.8861,  2.8861,  2.8861,  2.8861,  2.8861, 
 2.8861,  2.8861,  2.8861,  2.8861,  2.8861,  2.8861, 
 2.8861,  2.8861,  2.8861,  2.8861,  2.8861,  2.8861, 
 2.8861,  2.8861,  2.8861,  2.8861,  2.8861,  2.8861, 
 2.8861,  2.8861,  2.8861,  2.8861,  2.8861,  2.8861, 
 3.2788,  3.2788,  3.2788,  3.2788,  3.2788,  3.2788, 
 3.2788,  3.2788,  3.2788,  3.2788,  3.2788,  3.2788, 
 3.2788,  3.2788,  3.2788,  3.2788,  3.2788,  3.2788, 
 3.2788,  3.2788,  3.2788,  3.2788,  3.2788,  3.2788, 
 3.2788,  3.2788,  3.2788,  3.2788,  3.2788,  3.2788, 
 3.2788,  3.2788,  3.2788,  3.2788,  3.2788,  3.2788, 
 3.2788,  3.2788,  3.2788,  3.2788,  3.2788,  3.2788, 
 3.2788,  3.2788,  3.2788,  3.2788,  3.2788,  3.2788, 
 3.6715,  3.6715,  3.6715,  3.6715,  3.6715,  3.6715, 
 3.6715,  3.6715,  3.6715,  3.6715,  3.6715,  3.6715, 
 3.6715,  3.6715,  3.6715,  3.6715,  3.6715,  3.6715, 
 3.6715,  3.6715,  3.6715,  3.6715,  3.6715,  3.6715, 
 3.6715,  3.6715,  3.6715,  3.6715,  3.6715,  3.6715, 
 3.6715,  3.6715,  3.6715,  3.6715,  3.6715,  3.6715, 
 3.6715,  3.6715,  3.6715,  3.6715,  3.6715,  3.6715, 
 3.6715,  3.6715,  3.6715,  3.6715,  3.6715,  3.6715, 
 3.6715,  3.6715,  3.6715,  3.6715,  3.6715,  3.6715, 
 3.6715,  4.0642,  4.0642,  4.0642,  4.0642,  4.0642, 
 4.0642,  4.0642,  4.0642,  4.0642,  4.0642,  4.0642, 
 4.0642,  4.0642,  4.0642,  4.0642,  4.0642,  4.0642, 
 4.0642,  4.0642,  4.0642,  4.0642,  4.0642,  4.0642, 
 4.0642,  4.0642,  4.0642,  4.0642,  4.0642,  4.0642, 
 4.0642,  4.0642,  4.0642,  4.0642,  4.0642,  4.0642, 
 4.0642,  4.0642,  4.0642,  4.0642,  4.0642,  4.0642, 
 4.0642,  4.0642,  4.0642,  4.0642,  4.0642,  4.0642, 
 4.0642,  4.0642,  4.0642,  4.0642,  4.0642,  4.0642, 
 4.0642,  4.0642,  4.0642,  4.4569,  4.4569,  4.4569, 
 4.4569,  4.4569,  4.4569,  4.4569,  4.4569,  4.4569, 
 4.4569,  4.4569,  4.4569,  4.4569,  4.4569,  4.4569, 
 4.4569,  4.4569,  4.4569,  4.4569,  4.4569,  4.4569, 
 4.4569,  4.4569,  4.4569,  4.4569,  4.4569,  4.4569, 
 4.4569,  4.4569,  4.4569,  4.4569,  4.4569,  4.4569, 
 4.4569,  4.4569,  4.4569,  4.4569,  4.4569,  4.4569, 
 4.4569,  4.4569,  4.4569,  4.4569,  4.4569,  4.4569, 
 4.4569,  4.4569,  4.4569,  4.4569,  4.4569,  4.4569, 
 4.4569,  4.4569,  4.4569,  4.4569,  4.4569,  4.4569, 
 4.4569,  4.4569,  4.4569,  4.4569,  4.4569,  4.4569, 
 4.4569,  4.4569,  4.4569,  4.4569,  4.4569,  4.4569, 
 4.4569,  4.8496,  4.8496,  4.8496,  4.8496,  4.8496, 
 4.8496,  4.8496,  4.8496,  4.8496,  4.8496,  4.8496, 
 4.8496,  4.8496,  4.8496,  4.8496,  4.8496,  4.8496, 
 4.8496,  4.8496,  4.8496,  4.8496,  4.8496,  4.8496, 
 4.8496,  4.8496,  4.8496,  4.8496,  4.8496,  4.8496, 
 4.8496,  4.8496,  4.8496,  4.8496,  4.8496,  4.8496, 
 4.8496,  4.8496,  4.8496,  4.8496,  4.8496,  4.8496, 
 4.8496,  4.8496,  4.8496,  4.8496,  4.8496,  4.8496, 
 4.8496,  4.8496,  4.8496,  4.8496,  4.8496,  4.8496, 
 4.8496,  4.8496,  4.8496,  4.8496,  4.8496,  4.8496, 
 4.8496,  4.8496,  4.8496,  4.8496,  4.8496,  4.8496, 
 4.8496,  4.8496,  4.8496,  4.8496,  4.8496,  4.8496, 
 4.8496,  4.8496,  5.2423,  5.2423,  5.2423,  5.2423, 
 5.2423,  5.2423,  5.2423,  5.2423,  5.2423,  5.2423, 
 5.2423,  5.2423,  5.2423,  5.2423,  5.2423,  5.2423, 
 5.2423,  5.2423,  5.2423,  5.2423,  5.2423,  5.2423, 
 5.2423,  5.2423,  5.2423,  5.2423,  5.2423,  5.2423, 
 5.2423,  5.2423,  5.2423,  5.2423,  5.2423,  5.2423, 
 5.2423,  5.2423,  5.2423,  5.2423,  5.2423,  5.2423, 
 5.2423,  5.2423,  5.2423,  5.2423,  5.2423,  5.2423, 
 5.2423,  5.2423,  5.2423,  5.2423,  5.2423,  5.2423, 
 5.2423,  5.2423,  5.2423,  5.2423,  5.2423,  5.2423, 
 5.2423,  5.2423,  5.2423,  5.2423,  5.2423,  5.2423, 
 5.2423,  5.2423,  5.2423,  5.2423,  5.6350,  5.6350, 
 5.6350,  5.6350,  5.6350,  5.6350,  5.6350,  5.6350, 
 5.6350,  5.6350,  5.6350,  5.6350,  5.6350,  5.6350, 
 5.6350,  5.6350,  5.6350,  5.6350,  5.6350,  5.6350, 
 5.6350,  5.6350,  5.6350,  5.6350,  5.6350,  5.6350, 
 5.6350,  5.6350,  5.6350,  5.6350,  5.6350,  5.6350, 
 5.6350,  5.6350,  5.6350,  5.6350,  5.6350,  5.6350, 
 5.6350,  5.6350,  5.6350,  5.6350,  5.6350,  5.6350, 
 5.6350,  5.6350,  5.6350,  5.6350,  5.6350,  5.6350, 
 5.6350,  5.6350,  5.6350,  5.6350,  5.6350,  5.6350, 
 5.6350,  5.6350,  5.6350,  5.6350,  5.6350,  5.6350, 
 5.6350,  5.6350,  5.6350,  6.0276,  6.0276,  6.0276, 
 6.0276,  6.0276,  6.0276,  6.0276,  6.0276,  6.0276, 
 6.0276,  6.0276,  6.0276,  6.0276,  6.0276,  6.0276, 
 6.0276,  6.0276,  6.0276,  6.0276,  6.0276,  6.0276, 
 6.0276,  6.0276,  6.0276,  6.0276,  6.0276,  6.0276, 
 6.0276,  6.0276,  6.0276,  6.0276,  6.0276,  6.0276, 
 6.0276,  6.0276,  6.0276,  6.0276,  6.0276,  6.0276, 
 6.0276,  6.0276,  6.0276,  6.0276,  6.0276,  6.0276, 
 6.0276,  6.0276,  6.0276,  6.0276,  6.0276,  6.0276, 
 6.4203,  6.4203,  6.4203,  6.4203,  6.4203,  6.4203, 
 6.4203,  6.4203,  6.4203,  6.4203,  6.4203,  6.4203, 
 6.4203,  6.4203,  6.4203,  6.4203,  6.4203,  6.4203, 
 6.4203,  6.4203,  6.4203,  6.4203,  6.4203,  6.4203, 
 6.4203,  6.4203,  6.4203,  6.4203,  6.4203,  6.4203, 
 6.4203,  6.4203,  6.4203,  6.4203,  6.4203,  6.4203, 
 6.4203,  6.4203,  6.4203,  6.4203,  6.4203,  6.4203, 
 6.4203,  6.4203,  6.4203,  6.4203,  6.4203,  6.4203, 
 6.4203,  6.4203,  6.4203,  6.4203,  6.4203,  6.4203, 
 6.4203,  6.4203,  6.4203,  6.4203,  6.4203,  6.4203, 
 6.4203,  6.4203,  6.4203,  6.4203,  6.4203,  6.4203, 
 6.8130,  6.8130,  6.8130,  6.8130,  6.8130,  6.8130, 
 6.8130,  6.8130,  6.8130,  6.8130,  6.8130,  6.8130, 
 6.8130,  6.8130,  6.8130,  6.8130,  6.8130,  6.8130, 
 6.8130,  6.8130,  6.8130,  6.8130,  6.8130,  6.8130, 
 6.8130,  6.8130,  6.8130,  6.8130,  6.8130,  6.8130, 
 6.8130,  6.8130,  6.8130,  6.8130,  6.8130,  6.8130, 
 6.8130,  6.8130,  6.8130,  6.8130,  6.8130,  6.8130, 
 6.8130,  6.8130,  6.8130,  6.8130,  6.8130,  6.8130, 
 6.8130,  6.8130,  6.8130,  6.8130,  6.8130,  6.8130, 
 6.8130,  6.8130,  6.8130,  6.8130,  6.8130,  6.8130, 
 6.8130,  6.8130,  6.8130,  6.8130,  6.8130,  6.8130, 
 7.2057,  7.2057,  7.2057,  7.2057,  7.2057,  7.2057, 
 7.2057,  7.2057,  7.2057,  7.2057,  7.2057,  7.2057, 
 7.2057,  7.2057,  7.2057,  7.2057,  7.2057,  7.2057, 
 7.2057,  7.2057,  7.2057,  7.2057,  7.2057,  7.2057, 
 7.2057,  7.2057,  7.2057,  7.2057,  7.2057,  7.2057, 
 7.2057,  7.2057,  7.2057,  7.2057,  7.2057,  7.2057, 
 7.2057,  7.2057,  7.2057,  7.2057,  7.2057,  7.2057, 
 7.2057,  7.2057,  7.2057,  7.2057,  7.2057,  7.2057, 
 7.2057,  7.2057,  7.2057,  7.2057,  7.2057,  7.2057, 
 7.2057,  7.2057,  7.2057,  7.2057,  7.2057,  7.2057, 
 7.2057,  7.2057,  7.2057,  7.2057,  7.2057,  7.2057, 
 7.2057,  7.5984,  7.5984,  7.5984,  7.5984,  7.5984, 
 7.5984,  7.5984,  7.5984,  7.5984,  7.5984,  7.5984, 
 7.5984,  7.5984,  7.5984,  7.5984,  7.5984,  7.5984, 
 7.5984,  7.5984,  7.5984,  7.5984,  7.5984,  7.5984, 
 7.5984,  7.5984,  7.5984,  7.5984,  7.5984,  7.5984, 
 7.5984,  7.5984,  7.5984,  7.5984,  7.5984,  7.5984, 
 7.5984,  7.5984,  7.5984,  7.5984,  7.5984,  7.5984, 
 7.5984,  7.5984,  7.5984,  7.5984,  7.5984,  7.5984, 
 7.5984,  7.5984,  7.5984,  7.5984,  7.5984,  7.9911, 
 7.9911,  7.9911,  7.9911,  7.9911,  7.9911,  7.9911, 
 7.9911,  7.9911,  7.9911,  7.9911,  7.9911,  7.9911, 
 7.9911,  7.9911,  7.9911,  7.9911,  7.9911,  7.9911, 
 7.9911,  7.9911,  7.9911,  7.9911,  7.9911,  7.9911, 
 7.9911,  7.9911,  7.9911,  7.9911,  7.9911,  7.9911, 
 7.9911,  7.9911,  7.9911,  7.9911,  8.3838,  8.3838, 
 8.3838,  8.3838,  8.3838,  8.3838,  8.3838, 

-2.2190, -1.8263, -1.4336, -1.4336, -1.4336, -1.0409, 
-1.0409, -1.0409, -0.6482, -0.6482, -0.6482, -0.2555, 
-0.2555, -0.2555,  0.1372,  0.1372,  0.1372,  0.5299, 
 0.5299,  0.5299,  0.9226,  0.9226,  0.9226,  1.3153, 
 1.3153,  1.3153,  1.7080,  2.1007,  2.4934, -3.3971, 
-3.0044, -2.6117, -2.6117, -2.6117, -2.2190, -2.2190, 
-2.2190, -1.8263, -1.8263, -1.8263, -1.4336, -1.4336, 
-1.4336, -1.0409, -1.0409, -1.0409, -0.6482, -0.6482, 
-0.6482, -0.2555, -0.2555, -0.2555,  0.1372,  0.1372, 
 0.1372,  0.5299,  0.5299,  0.5299,  0.9226,  0.9226, 
 0.9226,  1.3153,  1.3153,  1.3153,  1.7080,  1.7080, 
 1.7080,  2.1007,  2.1007,  2.1007,  2.4934,  2.4934, 
 2.4934,  2.8861,  2.8861,  2.8861,  3.2788, -4.1825, 
-3.7898, -3.7898, -3.7898, -3.3971, -3.3971, -3.3971, 
-3.0044, -3.0044, -3.0044, -2.6117, -2.6117, -2.6117, 
-2.2190, -2.2190, -2.2190, -1.8263, -1.8263, -1.8263, 
-1.4336, -1.4336, -1.4336, -1.4336, -1.0409, -1.0409, 
-1.0409, -1.0409, -0.6482, -0.6482, -0.6482, -0.6482, 
-0.2555, -0.2555, -0.2555, -0.2555,  0.1372,  0.1372, 
 0.1372,  0.1372,  0.5299,  0.5299,  0.5299,  0.5299, 
 0.9226,  0.9226,  0.9226,  0.9226,  1.3153,  1.3153, 
 1.3153,  1.3153,  1.7080,  1.7080,  1.7080,  2.1007, 
 2.1007,  2.1007,  2.4934,  2.4934,  2.4934,  2.8861, 
 2.8861,  2.8861,  3.2788,  3.2788,  3.2788,  3.6715, 
 3.6715,  3.6715,  4.0642, -4.5752, -4.1825, -4.1825, 
-4.1825, -3.7898, -3.7898, -3.7898, -3.3971, -3.3971, 
-3.3971, -3.0044, -3.0044, -3.0044, -2.6117, -2.6117, 
-2.6117, -2.6117, -2.2190, -2.2190, -2.2190, -2.2190, 
-1.8263, -1.8263, -1.4336, -1.4336, -1.0409, -1.0409, 
-0.6482, -0.6482, -0.2555, -0.2555,  0.1372,  0.1372, 
 0.5299,  0.5299,  0.9226,  0.9226,  1.3153,  1.3153, 
 1.7080,  1.7080,  2.1007,  2.1007,  2.1007,  2.1007, 
 2.4934,  2.4934,  2.4934,  2.4934,  2.8861,  2.8861, 
 2.8861,  3.2788,  3.2788,  3.2788,  3.6715,  3.6715, 
 3.6715,  4.0642,  4.0642,  4.0642,  4.4569,  4.4569, 
 4.4569,  4.8496, -5.3606, -4.9679, -4.9679, -4.9679, 
-4.5752, -4.5752, -4.5752, -4.1825, -4.1825, -4.1825, 
-3.7898, -3.7898, -3.7898, -3.3971, -3.3971, -3.3971, 
-3.3971, -3.0044, -3.0044, -2.6117, -2.6117, -2.2190, 
-2.2190, -1.8263, -1.8263, -1.4336, -1.4336, -1.0409, 
-1.0409, -0.6482, -0.6482, -0.2555, -0.2555,  0.1372, 
 0.1372,  0.5299,  0.5299,  0.9226,  0.9226,  1.3153, 
 1.3153,  1.7080,  1.7080,  2.1007,  2.1007,  2.4934, 
 2.4934,  2.8861,  2.8861,  3.2788,  3.2788,  3.2788, 
 3.2788,  3.6715,  3.6715,  3.6715,  3.6715,  4.0642, 
 4.0642,  4.0642,  4.4569,  4.4569,  4.4569,  4.8496, 
 4.8496,  4.8496,  5.2423, -5.7533, -5.3606, -5.3606, 
-5.3606, -4.9679, -4.9679, -4.9679, -4.5752, -4.5752, 
-4.5752, -4.1825, -4.1825, -4.1825, -4.1825, -3.7898, 
-3.7898, -3.3971, -3.3971, -3.0044, -3.0044, -2.6117, 
-2.6117, -2.2190, -2.2190, -1.8263, -1.8263,  1.7080, 
 1.7080,  2.1007,  2.1007,  2.4934,  2.4934,  2.8861, 
 2.8861,  3.2788,  3.2788,  3.6715,  3.6715,  4.0642, 
 4.0642,  4.0642,  4.0642,  4.4569,  4.4569,  4.4569, 
 4.8496,  4.8496,  4.8496,  5.2423,  5.2423,  5.2423, 
 5.6350, -6.1460, -5.7533, -5.7533, -5.7533, -5.3606, 
-5.3606, -5.3606, -4.9679, -4.9679, -4.9679, -4.5752, 
-4.5752, -4.5752, -4.5752, -4.1825, -4.1825, -3.7898, 
-3.7898, -3.3971, -3.3971, -3.0044, -3.0044, -1.4336, 
-1.4336, -1.0409, -1.0409, -0.6482, -0.6482, -0.2555, 
-0.2555,  0.1372,  0.1372,  0.5299,  0.5299,  0.9226, 
 0.9226,  1.3153,  1.3153,  1.7080,  1.7080,  2.8861, 
 2.8861,  3.2788,  3.2788,  3.6715,  3.6715,  4.0642, 
 4.0642,  4.4569,  4.4569,  4.4569,  4.4569,  4.8496, 
 4.8496,  4.8496,  5.2423,  5.2423,  5.2423,  5.6350, 
 5.6350,  5.6350,  6.0276, -6.5387, -6.1460, -6.1460, 
-6.1460, -5.7533, -5.7533, -5.7533, -5.3606, -5.3606, 
-5.3606, -4.9679, -4.9679, -4.9679, -4.9679, -4.5752, 
-4.5752, -4.1825, -4.1825, -3.7898, -3.7898, -3.3971, 
-3.3971, -2.6117, -2.6117, -2.2190, -2.2190, -1.8263, 
-1.8263, -1.4336, -1.4336, -1.0409, -1.0409, -0.6482, 
-0.6482, -0.2555, -0.2555,  0.1372,  0.1372,  0.5299, 
 0.5299,  0.9226,  0.9226,  1.3153,  1.3153,  1.7080, 
 1.7080,  2.1007,  2.1007,  2.4934,  2.4934,  3.6715, 
 3.6715,  4.0642,  4.0642,  4.4569,  4.4569,  4.8496, 
 4.8496,  4.8496,  4.8496,  5.2423,  5.2423,  5.2423, 
 5.2423,  5.6350,  5.6350,  5.6350,  6.0276,  6.0276, 
 6.0276,  6.4203, -6.5387, -6.5387, -6.5387, -6.1460, 
-6.1460, -6.1460, -5.7533, -5.7533, -5.7533, -5.3606, 
-5.3606, -5.3606, -5.3606, -4.9679, -4.9679, -4.5752, 
-4.5752, -4.1825, -4.1825, -3.3971, -3.3971, -3.0044, 
-3.0044, -2.6117, -2.6117, -2.2190, -2.2190, -1.8263, 
-1.8263, -1.4336, -1.4336, -1.0409, -1.0409, -0.6482, 
-0.6482, -0.2555, -0.2555,  0.1372,  0.1372,  0.5299, 
 0.5299,  0.9226,  0.9226,  1.3153,  1.3153,  1.7080, 
 1.7080,  2.1007,  2.1007,  2.4934,  2.4934,  2.8861, 
 2.8861,  3.2788,  3.2788,  4.0642,  4.0642,  4.4569, 
 4.4569,  4.8496,  4.8496,  5.2423,  5.2423,  5.6350, 
 5.6350,  5.6350,  6.0276,  6.0276,  6.0276,  6.4203, 
 6.4203,  6.4203,  6.8130, -6.9314, -6.5387, -6.5387, 
-6.5387, -6.1460, -6.1460, -6.1460, -5.7533, -5.7533, 
-5.7533, -5.7533, -5.3606, -5.3606, -4.9679, -4.9679, 
-4.5752, -4.5752, -3.7898, -3.7898, -3.3971, -3.3971, 
-3.0044, -3.0044, -2.6117, -2.6117, -2.2190, -2.2190, 
-1.8263, -1.8263, -1.4336, -1.4336, -1.0409, -1.0409, 
-0.6482, -0.6482, -0.2555, -0.2555,  0.1372,  0.1372, 
 0.5299,  0.5299,  0.9226,  0.9226,  1.3153,  1.3153, 
 1.7080,  1.7080,  2.1007,  2.1007,  2.4934,  2.4934, 
 2.8861,  2.8861,  3.2788,  3.2788,  3.6715,  3.6715, 
 4.4569,  4.4569,  4.8496,  4.8496,  5.2423,  5.2423, 
 5.6350,  5.6350,  5.6350,  5.6350,  6.0276,  6.0276, 
 6.0276,  6.4203,  6.4203,  6.4203,  6.8130,  6.8130, 
 6.8130, -7.3241, -6.9314, -6.9314, -6.9314, -6.5387, 
-6.5387, -6.5387, -6.1460, -6.1460, -6.1460, -6.1460, 
-5.7533, -5.7533, -5.3606, -5.3606, -4.9679, -4.9679, 
-4.1825, -4.1825, -3.7898, -3.7898, -3.3971, -3.3971, 
-3.0044, -3.0044, -2.6117, -2.6117, -2.2190, -2.2190, 
-1.8263, -1.8263,  1.7080,  1.7080,  2.1007,  2.1007, 
 2.4934,  2.4934,  2.8861,  2.8861,  3.2788,  3.2788, 
 3.6715,  3.6715,  4.0642,  4.0642,  4.8496,  4.8496, 
 5.2423,  5.2423,  5.6350,  5.6350,  6.0276,  6.0276, 
 6.0276,  6.0276,  6.4203,  6.4203,  6.4203,  6.8130, 
 6.8130,  6.8130,  7.2057, -7.3241, -7.3241, -7.3241, 
-6.9314, -6.9314, -6.9314, -6.5387, -6.5387, -6.5387, 
-6.1460, -6.1460, -5.7533, -5.7533, -5.3606, -5.3606, 
-4.5752, -4.5752, -4.1825, -4.1825, -3.7898, -3.7898, 
-3.3971, -3.3971, -3.0044, -3.0044, -2.6117, -2.6117, 
 2.4934,  2.4934,  2.8861,  2.8861,  3.2788,  3.2788, 
 3.6715,  3.6715,  4.0642,  4.0642,  4.4569,  4.4569, 
 5.2423,  5.2423,  5.6350,  5.6350,  6.0276,  6.0276, 
 6.4203,  6.4203,  6.4203,  6.4203,  6.8130,  6.8130, 
 6.8130,  7.2057,  7.2057,  7.2057,  7.5984, -7.7168, 
-7.3241, -7.3241, -7.3241, -6.9314, -6.9314, -6.9314, 
-6.5387, -6.5387, -6.5387, -6.5387, -6.1460, -6.1460, 
-5.7533, -5.7533, -5.3606, -5.3606, -4.9679, -4.9679, 
-4.5752, -4.5752, -4.1825, -4.1825, -3.7898, -3.7898, 
-3.3971, -3.3971, -3.0044, -3.0044,  3.2788,  3.2788, 
 3.6715,  3.6715,  4.0642,  4.0642,  4.4569,  4.4569, 
 4.8496,  4.8496,  5.6350,  5.6350,  6.0276,  6.0276, 
 6.4203,  6.4203,  6.4203,  6.4203,  6.8130,  6.8130, 
 6.8130,  7.2057,  7.2057,  7.2057,  7.5984, -7.7168, 
-7.3241, -7.3241, -7.3241, -6.9314, -6.9314, -6.9314, 
-6.5387, -6.5387, -6.1460, -6.1460, -5.7533, -5.7533, 
-4.9679, -4.9679, -4.5752, -4.5752, -4.1825, -4.1825, 
-3.7898, -3.7898, -3.3971, -3.3971,  3.6715,  3.6715, 
 4.0642,  4.0642,  4.4569,  4.4569,  4.8496,  4.8496, 
 5.6350,  5.6350,  6.0276,  6.0276,  6.4203,  6.4203, 
 6.8130,  6.8130,  6.8130,  6.8130,  7.2057,  7.2057, 
 7.2057,  7.5984,  7.5984,  7.5984, -7.7168, -7.7168, 
-7.7168, -7.3241, -7.3241, -7.3241, -6.9314, -6.9314, 
-6.9314, -6.9314, -6.5387, -6.5387, -6.1460, -6.1460, 
-5.3606, -5.3606, -4.9679, -4.9679, -4.5752, -4.5752, 
-4.1825, -4.1825, -3.7898, -3.7898, -1.0409, -1.0409, 
-0.6482, -0.6482, -0.2555, -0.2555,  0.1372,  0.1372, 
 0.5299,  0.5299,  0.9226,  0.9226,  3.6715,  3.6715, 
 4.0642,  4.0642,  4.4569,  4.4569,  4.8496,  4.8496, 
 5.2423,  5.2423,  6.0276,  6.0276,  6.4203,  6.4203, 
 6.8130,  6.8130,  6.8130,  6.8130,  7.2057,  7.2057, 
 7.2057,  7.5984,  7.5984,  7.5984,  7.9911, -8.1095, 
-7.7168, -7.7168, -7.7168, -7.3241, -7.3241, -7.3241, 
-6.9314, -6.9314, -6.9314, -6.9314, -6.5387, -6.5387, 
-6.1460, -6.1460, -5.3606, -5.3606, -4.9679, -4.9679, 
-4.5752, -4.5752, -4.1825, -4.1825, -1.4336, -1.4336, 
-1.0409, -1.0409, -0.6482, -0.6482, -0.2555, -0.2555, 
 0.1372,  0.1372,  0.5299,  0.5299,  0.9226,  0.9226, 
 1.3153,  1.3153,  1.7080,  1.7080,  4.0642,  4.0642, 
 4.4569,  4.4569,  4.8496,  4.8496,  5.2423,  5.2423, 
 6.0276,  6.0276,  6.4203,  6.4203,  6.8130,  6.8130, 
 7.2057,  7.2057,  7.2057,  7.5984,  7.5984,  7.5984, 
 7.9911, -8.1095, -7.7168, -7.7168, -7.7168, -7.3241, 
-7.3241, -7.3241, -6.9314, -6.9314, -6.5387, -6.5387, 
-6.1460, -6.1460, -5.3606, -5.3606, -4.9679, -4.9679, 
-4.5752, -4.5752, -4.1825, -4.1825, -1.8263, -1.8263, 
-1.4336, -1.4336, -1.0409, -1.0409, -0.6482, -0.6482, 
-0.2555, -0.2555,  0.1372,  0.1372,  0.5299,  0.5299, 
 0.9226,  0.9226,  1.3153,  1.3153,  1.7080,  1.7080, 
 2.1007,  2.1007,  4.4569,  4.4569,  4.8496,  4.8496, 
 5.2423,  5.2423,  5.6350,  5.6350,  6.4203,  6.4203, 
 6.8130,  6.8130,  7.2057,  7.2057,  7.2057,  7.2057, 
 7.5984,  7.5984,  7.5984,  7.9911,  7.9911,  7.9911, 
-8.1095, -8.1095, -8.1095, -7.7168, -7.7168, -7.7168, 
-7.3241, -7.3241, -7.3241, -7.3241, -6.9314, -6.9314, 
-6.5387, -6.5387, -5.7533, -5.7533, -5.3606, -5.3606, 
-4.9679, -4.9679, -4.5752, -4.5752, -2.2190, -2.2190, 
-1.8263, -1.8263, -1.4336, -1.4336, -1.0409, -1.0409, 
-0.6482, -0.6482, -0.2555, -0.2555,  0.1372,  0.1372, 
 0.5299,  0.5299,  0.9226,  0.9226,  1.3153,  1.3153, 
 1.7080,  1.7080,  2.1007,  2.1007,  4.4569,  4.4569, 
 4.8496,  4.8496,  5.2423,  5.2423,  5.6350,  5.6350, 
 6.4203,  6.4203,  6.8130,  6.8130,  7.2057,  7.2057, 
 7.2057,  7.2057,  7.5984,  7.5984,  7.5984,  7.9911, 
 7.9911,  7.9911, -8.1095, -8.1095, -8.1095, -7.7168, 
-7.7168, -7.7168, -7.3241, -7.3241, -7.3241, -7.3241, 
-6.9314, -6.9314, -6.5387, -6.5387, -5.7533, -5.7533, 
-5.3606, -5.3606, -4.9679, -4.9679, -4.5752, -4.5752, 
-2.6117, -2.6117, -2.2190, -2.2190, -1.8263, -1.8263, 
-1.4336, -1.4336, -1.0409, -1.0409, -0.6482, -0.6482, 
-0.2555, -0.2555,  0.1372,  0.1372,  0.5299,  0.5299, 
 0.9226,  0.9226,  1.3153,  1.3153,  1.7080,  1.7080, 
 2.1007,  2.1007,  2.4934,  2.4934,  4.4569,  4.4569, 
 4.8496,  4.8496,  5.2423,  5.2423,  5.6350,  5.6350, 
 6.4203,  6.4203,  6.8130,  6.8130,  7.2057,  7.2057, 
 7.2057,  7.2057,  7.5984,  7.5984,  7.5984,  7.9911, 
 7.9911,  7.9911,  8.3838, -8.1095, -8.1095, -8.1095, 
-7.7168, -7.7168, -7.7168, -7.3241, -7.3241, -7.3241, 
-7.3241, -6.9314, -6.9314, -6.5387, -6.5387, -5.7533, 
-5.7533, -5.3606, -5.3606, -4.9679, -4.9679, -4.5752, 
-4.5752, -2.6117, -2.6117, -2.2190, -2.2190, -1.8263, 
-1.8263, -1.4336, -1.4336, -1.0409, -1.0409, -0.6482, 
-0.6482, -0.2555, -0.2555,  0.1372,  0.1372,  0.5299, 
 0.5299,  0.9226,  0.9226,  1.3153,  1.3153,  1.7080, 
 1.7080,  2.1007,  2.1007,  2.4934,  2.4934,  4.4569, 
 4.4569,  4.8496,  4.8496,  5.2423,  5.2423,  5.6350, 
 5.6350,  6.4203,  6.4203,  6.8130,  6.8130,  7.2057, 
 7.2057,  7.2057,  7.2057,  7.5984,  7.5984,  7.5984, 
 7.9911,  7.9911,  7.9911,  8.3838, -8.1095, -8.1095, 
-8.1095, -7.7168, -7.7168, -7.7168, -7.3241, -7.3241, 
-7.3241, -7.3241, -6.9314, -6.9314, -6.5387, -6.5387, 
-5.7533, -5.7533, -5.3606, -5.3606, -4.9679, -4.9679, 
-4.5752, -4.5752, -2.6117, -2.6117, -2.2190, -2.2190, 
-1.8263, -1.8263, -1.4336, -1.4336, -1.0409, -1.0409, 
-0.6482, -0.6482, -0.2555, -0.2555,  0.1372,  0.1372, 
 0.5299,  0.5299,  0.9226,  0.9226,  1.3153,  1.3153, 
 1.7080,  1.7080,  2.1007,  2.1007,  2.4934,  2.4934, 
 4.8496,  4.8496,  5.2423,  5.2423,  5.6350,  5.6350, 
 6.4203,  6.4203,  6.8130,  6.8130,  7.2057,  7.2057, 
 7.5984,  7.5984,  7.5984,  7.9911,  7.9911,  7.9911, 
 8.3838, -8.1095, -8.1095, -8.1095, -7.7168, -7.7168, 
-7.7168, -7.3241, -7.3241, -7.3241, -7.3241, -6.9314, 
-6.9314, -6.5387, -6.5387, -5.7533, -5.7533, -5.3606, 
-5.3606, -4.9679, -4.9679, -4.5752, -4.5752, -2.6117, 
-2.6117, -2.2190, -2.2190, -1.8263, -1.8263, -1.4336, 
-1.4336, -1.0409, -1.0409, -0.6482, -0.6482, -0.2555, 
-0.2555,  0.1372,  0.1372,  0.5299,  0.5299,  0.9226, 
 0.9226,  1.3153,  1.3153,  1.7080,  1.7080,  2.1007, 
 2.1007,  2.4934,  2.4934,  4.8496,  4.8496,  5.2423, 
 5.2423,  5.6350,  5.6350,  6.4203,  6.4203,  6.8130, 
 6.8130,  7.2057,  7.2057,  7.5984,  7.5984,  7.5984, 
 7.9911,  7.9911,  7.9911,  8.3838, -8.1095, -8.1095, 
-8.1095, -7.7168, -7.7168, -7.7168, -7.3241, -7.3241, 
-7.3241, -7.3241, -6.9314, -6.9314, -6.5387, -6.5387, 
-5.7533, -5.7533, -5.3606, -5.3606, -4.9679, -4.9679, 
-4.5752, -4.5752, -2.6117, -2.6117, -2.2190, -2.2190, 
-1.8263, -1.8263, -1.4336, -1.4336, -1.0409, -1.0409, 
-0.6482, -0.6482, -0.2555, -0.2555,  0.1372,  0.1372, 
 0.5299,  0.5299,  0.9226,  0.9226,  1.3153,  1.3153, 
 1.7080,  1.7080,  2.1007,  2.1007,  2.4934,  2.4934, 
 4.8496,  4.8496,  5.2423,  5.2423,  5.6350,  5.6350, 
 6.4203,  6.4203,  6.8130,  6.8130,  7.2057,  7.2057, 
 7.5984,  7.5984,  7.5984,  7.9911,  7.9911,  7.9911, 
 8.3838, -8.1095, -8.1095, -8.1095, -7.7168, -7.7168, 
-7.7168, -7.3241, -7.3241, -7.3241, -7.3241, -6.9314, 
-6.9314, -6.5387, -6.5387, -5.7533, -5.7533, -5.3606, 
-5.3606, -4.9679, -4.9679, -4.5752, -4.5752, -2.6117, 
-2.6117, -2.2190, -2.2190, -1.8263, -1.8263, -1.4336, 
-1.4336, -1.0409, -1.0409, -0.6482, -0.6482, -0.2555, 
-0.2555,  0.1372,  0.1372,  0.5299,  0.5299,  0.9226, 
 0.9226,  1.3153,  1.3153,  1.7080,  1.7080,  2.1007, 
 2.1007,  2.4934,  2.4934,  4.4569,  4.4569,  4.8496, 
 4.8496,  5.2423,  5.2423,  5.6350,  5.6350,  6.4203, 
 6.4203,  6.8130,  6.8130,  7.2057,  7.2057,  7.2057, 
 7.2057,  7.5984,  7.5984,  7.5984,  7.9911,  7.9911, 
 7.9911,  8.3838, -8.1095, -8.1095, -8.1095, -7.7168, 
-7.7168, -7.7168, -7.3241, -7.3241, -7.3241, -7.3241, 
-6.9314, -6.9314, -6.5387, -6.5387, -5.7533, -5.7533, 
-5.3606, -5.3606, -4.9679, -4.9679, -4.5752, -4.5752, 
-2.2190, -2.2190, -1.8263, -1.8263, -1.4336, -1.4336, 
-1.0409, -1.0409, -0.6482, -0.6482, -0.2555, -0.2555, 
 0.1372,  0.1372,  0.5299,  0.5299,  0.9226,  0.9226, 
 1.3153,  1.3153,  1.7080,  1.7080,  2.1007,  2.1007, 
 2.4934,  2.4934,  4.4569,  4.4569,  4.8496,  4.8496, 
 5.2423,  5.2423,  5.6350,  5.6350,  6.4203,  6.4203, 
 6.8130,  6.8130,  7.2057,  7.2057,  7.2057,  7.2057, 
 7.5984,  7.5984,  7.5984,  7.9911,  7.9911,  7.9911, 
 8.3838, -8.1095, -7.7168, -7.7168, -7.7168, -7.3241, 
-7.3241, -7.3241, -6.9314, -6.9314, -6.5387, -6.5387, 
-6.1460, -6.1460, -5.7533, -5.7533, -5.3606, -5.3606, 
-4.9679, -4.9679, -4.5752, -4.5752, -4.1825, -4.1825, 
-2.2190, -2.2190, -1.8263, -1.8263, -1.4336, -1.4336, 
-1.0409, -1.0409, -0.6482, -0.6482, -0.2555, -0.2555, 
 0.1372,  0.1372,  0.5299,  0.5299,  0.9226,  0.9226, 
 1.3153,  1.3153,  1.7080,  1.7080,  2.1007,  2.1007, 
 4.4569,  4.4569,  4.8496,  4.8496,  5.2423,  5.2423, 
 5.6350,  5.6350,  6.4203,  6.4203,  6.8130,  6.8130, 
 7.2057,  7.2057,  7.2057,  7.2057,  7.5984,  7.5984, 
 7.5984,  7.9911,  7.9911,  7.9911, -8.1095, -7.7168, 
-7.7168, -7.7168, -7.3241, -7.3241, -7.3241, -6.9314, 
-6.9314, -6.9314, -6.9314, -6.5387, -6.5387, -6.1460, 
-6.1460, -5.3606, -5.3606, -4.9679, -4.9679, -4.5752, 
-4.5752, -4.1825, -4.1825, -1.8263, -1.8263, -1.4336, 
-1.4336, -1.0409, -1.0409, -0.6482, -0.6482, -0.2555, 
-0.2555,  0.1372,  0.1372,  0.5299,  0.5299,  0.9226, 
 0.9226,  1.3153,  1.3153,  1.7080,  1.7080,  4.0642, 
 4.0642,  4.4569,  4.4569,  4.8496,  4.8496,  5.2423, 
 5.2423,  5.6350,  5.6350,  6.0276,  6.0276,  6.4203, 
 6.4203,  6.8130,  6.8130,  7.2057,  7.2057,  7.2057, 
 7.5984,  7.5984,  7.5984,  7.9911, -8.1095, -7.7168, 
-7.7168, -7.7168, -7.3241, -7.3241, -7.3241, -6.9314, 
-6.9314, -6.9314, -6.9314, -6.5387, -6.5387, -6.1460, 
-6.1460, -5.3606, -5.3606, -4.9679, -4.9679, -4.5752, 
-4.5752, -4.1825, -4.1825, -3.7898, -3.7898, -1.0409, 
-1.0409, -0.6482, -0.6482, -0.2555, -0.2555,  0.1372, 
 0.1372,  0.5299,  0.5299,  0.9226,  0.9226,  1.3153, 
 1.3153,  4.0642,  4.0642,  4.4569,  4.4569,  4.8496, 
 4.8496,  5.2423,  5.2423,  6.0276,  6.0276,  6.4203, 
 6.4203,  6.8130,  6.8130,  6.8130,  6.8130,  7.2057, 
 7.2057,  7.2057,  7.5984,  7.5984,  7.5984,  7.9911, 
-7.7168, -7.7168, -7.7168, -7.3241, -7.3241, -7.3241, 
-6.9314, -6.9314, -6.9314, -6.5387, -6.5387, -6.1460, 
-6.1460, -5.7533, -5.7533, -4.9679, -4.9679, -4.5752, 
-4.5752, -4.1825, -4.1825, -3.7898, -3.7898,  3.6715, 
 3.6715,  4.0642,  4.0642,  4.4569,  4.4569,  4.8496, 
 4.8496,  5.2423,  5.2423,  6.0276,  6.0276,  6.4203, 
 6.4203,  6.8130,  6.8130,  6.8130,  6.8130,  7.2057, 
 7.2057,  7.2057,  7.5984,  7.5984,  7.5984,  7.9911, 
-7.7168, -7.3241, -7.3241, -7.3241, -6.9314, -6.9314, 
-6.9314, -6.5387, -6.5387, -6.5387, -6.5387, -6.1460, 
-6.1460, -5.7533, -5.7533, -4.9679, -4.9679, -4.5752, 
-4.5752, -4.1825, -4.1825, -3.7898, -3.7898, -3.3971, 
-3.3971,  3.2788,  3.2788,  3.6715,  3.6715,  4.0642, 
 4.0642,  4.4569,  4.4569,  4.8496,  4.8496,  5.6350, 
 5.6350,  6.0276,  6.0276,  6.4203,  6.4203,  6.8130, 
 6.8130,  6.8130,  7.2057,  7.2057,  7.2057,  7.5984, 
-7.3241, -7.3241, -7.3241, -6.9314, -6.9314, -6.9314, 
-6.5387, -6.5387, -6.5387, -6.5387, -6.1460, -6.1460, 
-5.7533, -5.7533, -5.3606, -5.3606, -4.5752, -4.5752, 
-4.1825, -4.1825, -3.7898, -3.7898, -3.3971, -3.3971, 
-3.0044, -3.0044, -2.6117, -2.6117,  2.8861,  2.8861, 
 3.2788,  3.2788,  3.6715,  3.6715,  4.0642,  4.0642, 
 4.4569,  4.4569,  5.2423,  5.2423,  5.6350,  5.6350, 
 6.0276,  6.0276,  6.4203,  6.4203,  6.4203,  6.4203, 
 6.8130,  6.8130,  6.8130,  7.2057,  7.2057,  7.2057, 
 7.5984, -7.3241, -6.9314, -6.9314, -6.9314, -6.5387, 
-6.5387, -6.5387, -6.1460, -6.1460, -6.1460, -6.1460, 
-5.7533, -5.7533, -5.3606, -5.3606, -4.9679, -4.9679, 
-4.1825, -4.1825, -3.7898, -3.7898, -3.3971, -3.3971, 
-3.0044, -3.0044, -2.6117, -2.6117, -2.2190, -2.2190, 
 2.1007,  2.1007,  2.4934,  2.4934,  2.8861,  2.8861, 
 3.2788,  3.2788,  3.6715,  3.6715,  4.0642,  4.0642, 
 5.2423,  5.2423,  5.6350,  5.6350,  6.0276,  6.0276, 
 6.0276,  6.0276,  6.4203,  6.4203,  6.4203,  6.8130, 
 6.8130,  6.8130,  7.2057, -6.9314, -6.9314, -6.9314, 
-6.5387, -6.5387, -6.5387, -6.1460, -6.1460, -6.1460, 
-5.7533, -5.7533, -5.7533, -5.7533, -5.3606, -5.3606, 
-4.9679, -4.9679, -4.5752, -4.5752, -3.7898, -3.7898, 
-3.3971, -3.3971, -3.0044, -3.0044, -2.6117, -2.6117, 
-2.2190, -2.2190, -1.8263, -1.8263, -1.4336, -1.4336, 
-1.0409, -1.0409, -0.6482, -0.6482,  0.9226,  0.9226, 
 1.3153,  1.3153,  1.7080,  1.7080,  2.1007,  2.1007, 
 2.4934,  2.4934,  2.8861,  2.8861,  3.2788,  3.2788, 
 3.6715,  3.6715,  4.8496,  4.8496,  5.2423,  5.2423, 
 5.6350,  5.6350,  6.0276,  6.0276,  6.0276,  6.0276, 
 6.4203,  6.4203,  6.4203,  6.8130,  6.8130,  6.8130, 
 7.2057, -6.9314, -6.5387, -6.5387, -6.5387, -6.1460, 
-6.1460, -6.1460, -5.7533, -5.7533, -5.7533, -5.3606, 
-5.3606, -5.3606, -5.3606, -4.9679, -4.9679, -4.5752, 
-4.5752, -4.1825, -4.1825, -3.3971, -3.3971, -3.0044, 
-3.0044, -2.6117, -2.6117, -2.2190, -2.2190, -1.8263, 
-1.8263, -1.4336, -1.4336, -1.0409, -1.0409, -0.6482, 
-0.6482, -0.2555, -0.2555,  0.1372,  0.1372,  0.5299, 
 0.5299,  0.9226,  0.9226,  1.3153,  1.3153,  1.7080, 
 1.7080,  2.1007,  2.1007,  2.4934,  2.4934,  2.8861, 
 2.8861,  3.2788,  3.2788,  4.4569,  4.4569,  4.8496, 
 4.8496,  5.2423,  5.2423,  5.6350,  5.6350,  5.6350, 
 5.6350,  6.0276,  6.0276,  6.0276,  6.4203,  6.4203, 
 6.4203,  6.8130, -6.5387, -6.1460, -6.1460, -6.1460, 
-5.7533, -5.7533, -5.7533, -5.3606, -5.3606, -5.3606, 
-5.3606, -4.9679, -4.9679, -4.5752, -4.5752, -4.1825, 
-4.1825, -3.7898, -3.7898, -2.6117, -2.6117, -2.2190, 
-2.2190, -1.8263, -1.8263, -1.4336, -1.4336, -1.0409, 
-1.0409, -0.6482, -0.6482, -0.2555, -0.2555,  0.1372, 
 0.1372,  0.5299,  0.5299,  0.9226,  0.9226,  1.3153, 
 1.3153,  1.7080,  1.7080,  2.1007,  2.1007,  2.4934, 
 2.4934,  2.8861,  2.8861,  3.6715,  3.6715,  4.0642, 
 4.0642,  4.4569,  4.4569,  4.8496,  4.8496,  5.2423, 
 5.2423,  5.2423,  5.2423,  5.6350,  5.6350,  5.6350, 
 6.0276,  6.0276,  6.0276,  6.4203, -6.1460, -5.7533, 
-5.7533, -5.7533, -5.3606, -5.3606, -5.3606, -4.9679, 
-4.9679, -4.9679, -4.5752, -4.5752, -4.5752, -4.5752, 
-4.1825, -4.1825, -3.7898, -3.7898, -3.3971, -3.3971, 
-3.0044, -3.0044, -1.8263, -1.8263, -1.4336, -1.4336, 
-1.0409, -1.0409, -0.6482, -0.6482, -0.2555, -0.2555, 
 0.1372,  0.1372,  0.5299,  0.5299,  0.9226,  0.9226, 
 1.3153,  1.3153,  1.7080,  1.7080,  2.1007,  2.1007, 
 3.2788,  3.2788,  3.6715,  3.6715,  4.0642,  4.0642, 
 4.4569,  4.4569,  4.8496,  4.8496,  4.8496,  4.8496, 
 5.2423,  5.2423,  5.2423,  5.6350,  5.6350,  5.6350, 
 6.0276,  6.0276,  6.0276, -5.7533, -5.3606, -5.3606, 
-5.3606, -4.9679, -4.9679, -4.9679, -4.5752, -4.5752, 
-4.5752, -4.1825, -4.1825, -4.1825, -4.1825, -3.7898, 
-3.7898, -3.3971, -3.3971, -3.0044, -3.0044, -2.6117, 
-2.6117, -2.2190, -2.2190,  2.1007,  2.1007,  2.4934, 
 2.4934,  2.8861,  2.8861,  3.2788,  3.2788,  3.6715, 
 3.6715,  4.0642,  4.0642,  4.0642,  4.0642,  4.4569, 
 4.4569,  4.4569,  4.4569,  4.8496,  4.8496,  4.8496, 
 5.2423,  5.2423,  5.2423,  5.6350,  5.6350,  5.6350, 
-5.3606, -4.9679, -4.9679, -4.9679, -4.5752, -4.5752, 
-4.5752, -4.1825, -4.1825, -4.1825, -3.7898, -3.7898, 
-3.7898, -3.7898, -3.3971, -3.3971, -3.3971, -3.3971, 
-3.0044, -3.0044, -2.6117, -2.6117, -2.2190, -2.2190, 
-1.8263, -1.8263, -1.4336, -1.4336, -1.0409, -1.0409, 
-0.6482, -0.6482, -0.2555, -0.2555,  0.1372,  0.1372, 
 0.5299,  0.5299,  0.9226,  0.9226,  1.3153,  1.3153, 
 1.7080,  1.7080,  2.1007,  2.1007,  2.4934,  2.4934, 
 2.8861,  2.8861,  3.2788,  3.2788,  3.6715,  3.6715, 
 3.6715,  3.6715,  4.0642,  4.0642,  4.0642,  4.4569, 
 4.4569,  4.4569,  4.8496,  4.8496,  4.8496,  5.2423, 
-4.9679, -4.5752, -4.5752, -4.5752, -4.1825, -4.1825, 
-4.1825, -3.7898, -3.7898, -3.7898, -3.3971, -3.3971, 
-3.3971, -3.0044, -3.0044, -3.0044, -3.0044, -2.6117, 
-2.6117, -2.6117, -2.6117, -2.2190, -2.2190, -1.8263, 
-1.8263, -1.4336, -1.4336, -1.0409, -1.0409, -0.6482, 
-0.6482, -0.2555, -0.2555,  0.1372,  0.1372,  0.5299, 
 0.5299,  0.9226,  0.9226,  1.3153,  1.3153,  1.7080, 
 1.7080,  2.1007,  2.1007,  2.4934,  2.4934,  2.4934, 
 2.4934,  2.8861,  2.8861,  2.8861,  2.8861,  3.2788, 
 3.2788,  3.2788,  3.6715,  3.6715,  3.6715,  4.0642, 
 4.0642,  4.0642,  4.4569,  4.4569,  4.4569,  4.8496, 
-4.1825, -3.7898, -3.7898, -3.7898, -3.3971, -3.3971, 
-3.3971, -3.0044, -3.0044, -3.0044, -2.6117, -2.6117, 
-2.6117, -2.2190, -2.2190, -2.2190, -1.8263, -1.8263, 
-1.8263, -1.8263, -1.4336, -1.4336, -1.4336, -1.4336, 
-1.0409, -1.0409, -1.0409, -1.0409, -0.6482, -0.6482, 
-0.6482, -0.6482, -0.2555, -0.2555,  0.1372,  0.1372, 
 0.5299,  0.5299,  0.9226,  0.9226,  0.9226,  0.9226, 
 1.3153,  1.3153,  1.3153,  1.3153,  1.7080,  1.7080, 
 1.7080,  1.7080,  2.1007,  2.1007,  2.1007,  2.4934, 
 2.4934,  2.4934,  2.8861,  2.8861,  2.8861,  3.2788, 
 3.2788,  3.2788,  3.6715,  3.6715,  3.6715,  4.0642, 
 4.4569, -3.7898, -3.3971, -3.0044, -3.0044, -3.0044, 
-2.6117, -2.6117, -2.6117, -2.2190, -2.2190, -2.2190, 
-1.8263, -1.8263, -1.8263, -1.4336, -1.4336, -1.4336, 
-1.0409, -1.0409, -1.0409, -0.6482, -0.6482, -0.6482, 
-0.2555, -0.2555, -0.2555,  0.1372,  0.1372,  0.1372, 
 0.5299,  0.5299,  0.5299,  0.9226,  0.9226,  0.9226, 
 1.3153,  1.3153,  1.3153,  1.7080,  1.7080,  1.7080, 
 2.1007,  2.1007,  2.1007,  2.4934,  2.4934,  2.4934, 
 2.8861,  2.8861,  2.8861,  3.2788,  3.6715, -2.6117, 
-2.2190, -1.8263, -1.8263, -1.8263, -1.4336, -1.4336, 
-1.4336, -1.0409, -1.0409, -1.0409, -0.6482, -0.6482, 
-0.6482, -0.2555, -0.2555, -0.2555,  0.1372,  0.1372, 
 0.1372,  0.5299,  0.5299,  0.5299,  0.9226,  0.9226, 
 0.9226,  1.3153,  1.3153,  1.3153,  1.7080,  1.7080, 
 1.7080,  2.1007,  2.4934,  2.8861, -1.0409, -0.6482, 
-0.2555,  0.1372,  0.5299,  0.9226,  1.3153, 

 0.0000,  0.0000, -2.0000,  0.0000,  2.0000, -2.0000, 
 0.0000,  2.0000, -2.0000,  0.0000,  2.0000, -2.0000, 
 0.0000,  2.0000, -2.0000,  0.0000,  2.0000, -2.0000, 
 0.0000,  2.0000, -2.0000,  0.0000,  2.0000, -2.0000, 
 0.0000,  2.0000,  0.0000,  0.0000,  0.0000,  0.0000, 
 0.0000, -2.0000,  0.0000,  2.0000, -2.0000,  0.0000, 
 2.0000, -2.0000,  0.0000,  2.0000, -2.0000,  0.0000, 
 2.0000, -2.0000,  0.0000,  2.0000, -2.0000,  0.0000, 
 2.0000, -2.0000,  0.0000,  2.0000, -2.0000,  0.0000, 
 2.0000, -2.0000,  0.0000,  2.0000, -2.0000,  0.0000, 
 2.0000, -2.0000,  0.0000,  2.0000, -2.0000,  0.0000, 
 2.0000, -2.0000,  0.0000,  2.0000, -2.0000,  0.0000, 
 2.0000, -2.0000,  0.0000,  2.0000,  0.0000,  0.0000, 
-2.0000,  0.0000,  2.0000, -2.0000,  0.0000,  2.0000, 
-2.0000,  0.0000,  2.0000, -2.0000,  0.0000,  2.0000, 
-2.0000,  0.0000,  2.0000, -2.0000,  0.0000,  2.0000, 
-4.0000, -2.0000,  2.0000,  4.0000, -4.0000, -2.0000, 
 2.0000,  4.0000, -4.0000, -2.0000,  2.0000,  4.0000, 
-4.0000, -2.0000,  2.0000,  4.0000, -4.0000, -2.0000, 
 2.0000,  4.0000, -4.0000, -2.0000,  2.0000,  4.0000, 
-4.0000, -2.0000,  2.0000,  4.0000, -4.0000, -2.0000, 
 2.0000,  4.0000, -2.0000,  0.0000,  2.0000, -2.0000, 
 0.0000,  2.0000, -2.0000,  0.0000,  2.0000, -2.0000, 
 0.0000,  2.0000, -2.0000,  0.0000,  2.0000, -2.0000, 
 0.0000,  2.0000,  0.0000,  0.0000, -2.0000,  0.0000, 
 2.0000, -2.0000,  0.0000,  2.0000, -2.0000,  0.0000, 
 2.0000, -2.0000,  0.0000,  2.0000, -4.0000, -2.0000, 
 2.0000,  4.0000, -4.0000, -2.0000,  2.0000,  4.0000, 
-4.0000,  4.0000, -4.0000,  4.0000, -4.0000,  4.0000, 
-4.0000,  4.0000, -4.0000,  4.0000, -4.0000,  4.0000, 
-4.0000,  4.0000, -4.0000,  4.0000, -4.0000,  4.0000, 
-4.0000,  4.0000, -4.0000, -2.0000,  2.0000,  4.0000, 
-4.0000, -2.0000,  2.0000,  4.0000, -2.0000,  0.0000, 
 2.0000, -2.0000,  0.0000,  2.0000, -2.0000,  0.0000, 
 2.0000, -2.0000,  0.0000,  2.0000, -2.0000,  0.0000, 
 2.0000,  0.0000,  0.0000, -2.0000,  0.0000,  2.0000, 
-2.0000,  0.0000,  2.0000, -2.0000,  0.0000,  2.0000, 
-2.0000,  0.0000,  2.0000, -4.0000, -2.0000,  2.0000, 
 4.0000, -4.0000,  4.0000, -4.0000,  4.0000, -4.0000, 
 4.0000, -4.0000,  4.0000, -4.0000,  4.0000, -4.0000, 
 4.0000, -4.0000,  4.0000, -4.0000,  4.0000, -4.0000, 
 4.0000, -4.0000,  4.0000, -4.0000,  4.0000, -4.0000, 
 4.0000, -4.0000,  4.0000, -4.0000,  4.0000, -4.0000, 
 4.0000, -4.0000,  4.0000, -4.0000, -2.0000,  2.0000, 
 4.0000, -4.0000, -2.0000,  2.0000,  4.0000, -2.0000, 
 0.0000,  2.0000, -2.0000,  0.0000,  2.0000, -2.0000, 
 0.0000,  2.0000,  0.0000,  0.0000, -2.0000,  0.0000, 
 2.0000, -2.0000,  0.0000,  2.0000, -2.0000,  0.0000, 
 2.0000, -4.0000, -2.0000,  2.0000,  4.0000, -4.0000, 
 4.0000, -4.0000,  4.0000, -4.0000,  4.0000, -4.0000, 
 4.0000, -4.0000,  4.0000, -4.0000,  4.0000, -4.0000, 
 4.0000, -4.0000,  4.0000, -4.0000,  4.0000, -4.0000, 
 4.0000, -4.0000,  4.0000, -4.0000,  4.0000, -4.0000, 
-2.0000,  2.0000,  4.0000, -2.0000,  0.0000,  2.0000, 
-2.0000,  0.0000,  2.0000, -2.0000,  0.0000,  2.0000, 
 0.0000,  0.0000, -2.0000,  0.0000,  2.0000, -2.0000, 
 0.0000,  2.0000, -2.0000,  0.0000,  2.0000, -4.0000, 
-2.0000,  2.0000,  4.0000, -4.0000,  4.0000, -4.0000, 
 4.0000, -4.0000,  4.0000, -4.0000,  4.0000, -6.0000, 
 6.0000, -6.0000,  6.0000, -6.0000,  6.0000, -6.0000, 
 6.0000, -6.0000,  6.0000, -6.0000,  6.0000, -6.0000, 
 6.0000, -6.0000,  6.0000, -6.0000,  6.0000, -4.0000, 
 4.0000, -4.0000,  4.0000, -4.0000,  4.0000, -4.0000, 
 4.0000, -4.0000, -2.0000,  2.0000,  4.0000, -2.0000, 
 0.0000,  2.0000, -2.0000,  0.0000,  2.0000, -2.0000, 
 0.0000,  2.0000,  0.0000,  0.0000, -2.0000,  0.0000, 
 2.0000, -2.0000,  0.0000,  2.0000, -2.0000,  0.0000, 
 2.0000, -4.0000, -2.0000,  2.0000,  4.0000, -4.0000, 
 4.0000, -4.0000,  4.0000, -4.0000,  4.0000, -4.0000, 
 4.0000, -6.0000,  6.0000, -6.0000,  6.0000, -6.0000, 
 6.0000, -6.0000,  6.0000, -6.0000,  6.0000, -6.0000, 
 6.0000, -6.0000,  6.0000, -6.0000,  6.0000, -6.0000, 
 6.0000, -6.0000,  6.0000, -6.0000,  6.0000, -6.0000, 
 6.0000, -6.0000,  6.0000, -6.0000,  6.0000, -4.0000, 
 4.0000, -4.0000,  4.0000, -4.0000,  4.0000, -4.0000, 
-2.0000,  2.0000,  4.0000, -4.0000, -2.0000,  2.0000, 
 4.0000, -2.0000,  0.0000,  2.0000, -2.0000,  0.0000, 
 2.0000,  0.0000, -2.0000,  0.0000,  2.0000, -2.0000, 
 0.0000,  2.0000, -2.0000,  0.0000,  2.0000, -4.0000, 
-2.0000,  2.0000,  4.0000, -4.0000,  4.0000, -4.0000, 
 4.0000, -4.0000,  4.0000, -6.0000,  6.0000, -6.0000, 
 6.0000, -6.0000,  6.0000, -6.0000,  6.0000, -6.0000, 
 6.0000, -6.0000,  6.0000, -6.0000,  6.0000, -6.0000, 
 6.0000, -6.0000,  6.0000, -6.0000,  6.0000, -6.0000, 
 6.0000, -6.0000,  6.0000, -6.0000,  6.0000, -6.0000, 
 6.0000, -6.0000,  6.0000, -6.0000,  6.0000, -6.0000, 
 6.0000, -6.0000,  6.0000, -4.0000,  4.0000, -4.0000, 
 4.0000, -4.0000,  4.0000, -4.0000,  4.0000, -2.0000, 
 0.0000,  2.0000, -2.0000,  0.0000,  2.0000, -2.0000, 
 0.0000,  2.0000,  0.0000,  0.0000, -2.0000,  0.0000, 
 2.0000, -2.0000,  0.0000,  2.0000, -4.0000, -2.0000, 
 2.0000,  4.0000, -4.0000,  4.0000, -4.0000,  4.0000, 
-4.0000,  4.0000, -6.0000,  6.0000, -6.0000,  6.0000, 
-6.0000,  6.0000, -6.0000,  6.0000, -6.0000,  6.0000, 
-6.0000,  6.0000, -6.0000,  6.0000, -6.0000,  6.0000, 
-6.0000,  6.0000, -6.0000,  6.0000, -6.0000,  6.0000, 
-6.0000,  6.0000, -6.0000,  6.0000, -6.0000,  6.0000, 
-6.0000,  6.0000, -6.0000,  6.0000, -6.0000,  6.0000, 
-6.0000,  6.0000, -6.0000,  6.0000, -6.0000,  6.0000, 
-4.0000,  4.0000, -4.0000,  4.0000, -4.0000,  4.0000, 
-4.0000, -2.0000,  2.0000,  4.0000, -2.0000,  0.0000, 
 2.0000, -2.0000,  0.0000,  2.0000, -2.0000,  0.0000, 
 2.0000,  0.0000, -2.0000,  0.0000,  2.0000, -2.0000, 
 0.0000,  2.0000, -4.0000, -2.0000,  2.0000,  4.0000, 
-4.0000,  4.0000, -4.0000,  4.0000, -4.0000,  4.0000, 
-6.0000,  6.0000, -6.0000,  6.0000, -6.0000,  6.0000, 
-6.0000,  6.0000, -6.0000,  6.0000, -6.0000,  6.0000, 
-6.0000,  6.0000, -6.0000,  6.0000, -6.0000,  6.0000, 
-6.0000,  6.0000, -6.0000,  6.0000, -6.0000,  6.0000, 
-6.0000,  6.0000, -6.0000,  6.0000, -4.0000,  4.0000, 
-4.0000,  4.0000, -4.0000,  4.0000, -4.0000, -2.0000, 
 2.0000,  4.0000, -2.0000,  0.0000,  2.0000, -2.0000, 
 0.0000,  2.0000,  0.0000, -2.0000,  0.0000,  2.0000, 
-2.0000,  0.0000,  2.0000, -2.0000,  0.0000,  2.0000, 
-4.0000,  4.0000, -4.0000,  4.0000, -4.0000,  4.0000, 
-6.0000,  6.0000, -6.0000,  6.0000, -6.0000,  6.0000, 
-6.0000,  6.0000, -6.0000,  6.0000, -6.0000,  6.0000, 
-6.0000,  6.0000, -6.0000,  6.0000, -6.0000,  6.0000, 
-6.0000,  6.0000, -6.0000,  6.0000, -6.0000,  6.0000, 
-4.0000,  4.0000, -4.0000,  4.0000, -4.0000,  4.0000, 
-4.0000, -2.0000,  2.0000,  4.0000, -2.0000,  0.0000, 
 2.0000, -2.0000,  0.0000,  2.0000,  0.0000,  0.0000, 
-2.0000,  0.0000,  2.0000, -2.0000,  0.0000,  2.0000, 
-4.0000, -2.0000,  2.0000,  4.0000, -4.0000,  4.0000, 
-4.0000,  4.0000, -4.0000,  4.0000, -6.0000,  6.0000, 
-6.0000,  6.0000, -6.0000,  6.0000, -6.0000,  6.0000, 
-6.0000,  6.0000, -6.0000,  6.0000, -6.0000,  6.0000, 
-6.0000,  6.0000, -6.0000,  6.0000, -6.0000,  6.0000, 
-6.0000,  6.0000, -4.0000,  4.0000, -4.0000,  4.0000, 
-4.0000, -2.0000,  2.0000,  4.0000, -2.0000,  0.0000, 
 2.0000, -2.0000,  0.0000,  2.0000,  0.0000,  0.0000, 
-2.0000,  0.0000,  2.0000, -2.0000,  0.0000,  2.0000, 
-4.0000,  4.0000, -4.0000,  4.0000, -4.0000,  4.0000, 
-6.0000,  6.0000, -6.0000,  6.0000, -6.0000,  6.0000, 
-6.0000,  6.0000, -6.0000,  6.0000, -6.0000,  6.0000, 
-6.0000,  6.0000, -6.0000,  6.0000, -6.0000,  6.0000, 
-4.0000,  4.0000, -4.0000,  4.0000, -4.0000,  4.0000, 
-4.0000, -2.0000,  2.0000,  4.0000, -2.0000,  0.0000, 
 2.0000, -2.0000,  0.0000,  2.0000, -2.0000,  0.0000, 
 2.0000, -2.0000,  0.0000,  2.0000, -4.0000, -2.0000, 
 2.0000,  4.0000, -4.0000,  4.0000, -4.0000,  4.0000, 
-6.0000,  6.0000, -6.0000,  6.0000, -6.0000,  6.0000, 
-6.0000,  6.0000, -6.0000,  6.0000, -8.0000,  8.0000, 
-8.0000,  8.0000, -8.0000,  8.0000, -8.0000,  8.0000, 
-8.0000,  8.0000, -8.0000,  8.0000, -6.0000,  6.0000, 
-6.0000,  6.0000, -6.0000,  6.0000, -6.0000,  6.0000, 
-6.0000,  6.0000, -4.0000,  4.0000, -4.0000,  4.0000, 
-4.0000, -2.0000,  2.0000,  4.0000, -2.0000,  0.0000, 
 2.0000, -2.0000,  0.0000,  2.0000,  0.0000,  0.0000, 
-2.0000,  0.0000,  2.0000, -2.0000,  0.0000,  2.0000, 
-4.0000, -2.0000,  2.0000,  4.0000, -4.0000,  4.0000, 
-4.0000,  4.0000, -6.0000,  6.0000, -6.0000,  6.0000, 
-6.0000,  6.0000, -6.0000,  6.0000, -8.0000,  8.0000, 
-8.0000,  8.0000, -8.0000,  8.0000, -8.0000,  8.0000, 
-8.0000,  8.0000, -8.0000,  8.0000, -8.0000,  8.0000, 
-8.0000,  8.0000, -8.0000,  8.0000, -6.0000,  6.0000, 
-6.0000,  6.0000, -6.0000,  6.0000, -6.0000,  6.0000, 
-4.0000,  4.0000, -4.0000,  4.0000, -4.0000,  4.0000, 
-2.0000,  0.0000,  2.0000, -2.0000,  0.0000,  2.0000, 
 0.0000,  0.0000, -2.0000,  0.0000,  2.0000, -2.0000, 
 0.0000,  2.0000, -4.0000,  4.0000, -4.0000,  4.0000, 
-4.0000,  4.0000, -6.0000,  6.0000, -6.0000,  6.0000, 
-6.0000,  6.0000, -6.0000,  6.0000, -8.0000,  8.0000, 
-8.0000,  8.0000, -8.0000,  8.0000, -8.0000,  8.0000, 
-8.0000,  8.0000, -8.0000,  8.0000, -8.0000,  8.0000, 
-8.0000,  8.0000, -8.0000,  8.0000, -8.0000,  8.0000, 
-8.0000,  8.0000, -6.0000,  6.0000, -6.0000,  6.0000, 
-6.0000,  6.0000, -6.0000,  6.0000, -4.0000,  4.0000, 
-4.0000,  4.0000, -4.0000, -2.0000,  2.0000,  4.0000, 
-2.0000,  0.0000,  2.0000, -2.0000,  0.0000,  2.0000, 
-2.0000,  0.0000,  2.0000, -2.0000,  0.0000,  2.0000, 
-4.0000, -2.0000,  2.0000,  4.0000, -4.0000,  4.0000, 
-4.0000,  4.0000, -6.0000,  6.0000, -6.0000,  6.0000, 
-6.0000,  6.0000, -6.0000,  6.0000, -8.0000,  8.0000, 
-8.0000,  8.0000, -8.0000,  8.0000, -8.0000,  8.0000, 
-8.0000,  8.0000, -8.0000,  8.0000, -8.0000,  8.0000, 
-8.0000,  8.0000, -8.0000,  8.0000, -8.0000,  8.0000, 
-8.0000,  8.0000, -8.0000,  8.0000, -6.0000,  6.0000, 
-6.0000,  6.0000, -6.0000,  6.0000, -6.0000,  6.0000, 
-4.0000,  4.0000, -4.0000,  4.0000, -4.0000, -2.0000, 
 2.0000,  4.0000, -2.0000,  0.0000,  2.0000, -2.0000, 
 0.0000,  2.0000, -2.0000,  0.0000,  2.0000, -2.0000, 
 0.0000,  2.0000, -4.0000, -2.0000,  2.0000,  4.0000, 
-4.0000,  4.0000, -4.0000,  4.0000, -6.0000,  6.0000, 
-6.0000,  6.0000, -6.0000,  6.0000, -6.0000,  6.0000, 
-8.0000,  8.0000, -8.0000,  8.0000, -8.0000,  8.0000, 
-8.0000,  8.0000, -8.0000,  8.0000, -8.0000,  8.0000, 
-8.0000,  8.0000, -8.0000,  8.0000, -8.0000,  8.0000, 
-8.0000,  8.0000, -8.0000,  8.0000, -8.0000,  8.0000, 
-8.0000,  8.0000, -8.0000,  8.0000, -6.0000,  6.0000, 
-6.0000,  6.0000, -6.0000,  6.0000, -6.0000,  6.0000, 
-4.0000,  4.0000, -4.0000,  4.0000, -4.0000, -2.0000, 
 2.0000,  4.0000, -2.0000,  0.0000,  2.0000, -2.0000, 
 0.0000,  2.0000,  0.0000, -2.0000,  0.0000,  2.0000, 
-2.0000,  0.0000,  2.0000, -4.0000, -2.0000,  2.0000, 
 4.0000, -4.0000,  4.0000, -4.0000,  4.0000, -6.0000, 
 6.0000, -6.0000,  6.0000, -6.0000,  6.0000, -6.0000, 
 6.0000, -8.0000,  8.0000, -8.0000,  8.0000, -8.0000, 
 8.0000, -8.0000,  8.0000, -8.0000,  8.0000, -8.0000, 
 8.0000, -8.0000,  8.0000, -8.0000,  8.0000, -8.0000, 
 8.0000, -8.0000,  8.0000, -8.0000,  8.0000, -8.0000, 
 8.0000, -8.0000,  8.0000, -8.0000,  8.0000, -6.0000, 
 6.0000, -6.0000,  6.0000, -6.0000,  6.0000, -6.0000, 
 6.0000, -4.0000,  4.0000, -4.0000,  4.0000, -4.0000, 
-2.0000,  2.0000,  4.0000, -2.0000,  0.0000,  2.0000, 
-2.0000,  0.0000,  2.0000,  0.0000, -2.0000,  0.0000, 
 2.0000, -2.0000,  0.0000,  2.0000, -4.0000, -2.0000, 
 2.0000,  4.0000, -4.0000,  4.0000, -4.0000,  4.0000, 
-6.0000,  6.0000, -6.0000,  6.0000, -6.0000,  6.0000, 
-6.0000,  6.0000, -8.0000,  8.0000, -8.0000,  8.0000, 
-8.0000,  8.0000, -8.0000,  8.0000, -8.0000,  8.0000, 
-8.0000,  8.0000, -8.0000,  8.0000, -8.0000,  8.0000, 
-8.0000,  8.0000, -8.0000,  8.0000, -8.0000,  8.0000, 
-8.0000,  8.0000, -8.0000,  8.0000, -8.0000,  8.0000, 
-6.0000,  6.0000, -6.0000,  6.0000, -6.0000,  6.0000, 
-4.0000,  4.0000, -4.0000,  4.0000, -4.0000,  4.0000, 
-2.0000,  0.0000,  2.0000, -2.0000,  0.0000,  2.0000, 
 0.0000, -2.0000,  0.0000,  2.0000, -2.0000,  0.0000, 
 2.0000, -4.0000, -2.0000,  2.0000,  4.0000, -4.0000, 
 4.0000, -4.0000,  4.0000, -6.0000,  6.0000, -6.0000, 
 6.0000, -6.0000,  6.0000, -6.0000,  6.0000, -8.0000, 
 8.0000, -8.0000,  8.0000, -8.0000,  8.0000, -8.0000, 
 8.0000, -8.0000,  8.0000, -8.0000,  8.0000, -8.0000, 
 8.0000, -8.0000,  8.0000, -8.0000,  8.0000, -8.0000, 
 8.0000, -8.0000,  8.0000, -8.0000,  8.0000, -8.0000, 
 8.0000, -8.0000,  8.0000, -6.0000,  6.0000, -6.0000, 
 6.0000, -6.0000,  6.0000, -4.0000,  4.0000, -4.0000, 
 4.0000, -4.0000,  4.0000, -2.0000,  0.0000,  2.0000, 
-2.0000,  0.0000,  2.0000,  0.0000, -2.0000,  0.0000, 
 2.0000, -2.0000,  0.0000,  2.0000, -4.0000, -2.0000, 
 2.0000,  4.0000, -4.0000,  4.0000, -4.0000,  4.0000, 
-6.0000,  6.0000, -6.0000,  6.0000, -6.0000,  6.0000, 
-6.0000,  6.0000, -8.0000,  8.0000, -8.0000,  8.0000, 
-8.0000,  8.0000, -8.0000,  8.0000, -8.0000,  8.0000, 
-8.0000,  8.0000, -8.0000,  8.0000, -8.0000,  8.0000, 
-8.0000,  8.0000, -8.0000,  8.0000, -8.0000,  8.0000, 
-8.0000,  8.0000, -8.0000,  8.0000, -8.0000,  8.0000, 
-6.0000,  6.0000, -6.0000,  6.0000, -6.0000,  6.0000, 
-4.0000,  4.0000, -4.0000,  4.0000, -4.0000,  4.0000, 
-2.0000,  0.0000,  2.0000, -2.0000,  0.0000,  2.0000, 
 0.0000, -2.0000,  0.0000,  2.0000, -2.0000,  0.0000, 
 2.0000, -4.0000, -2.0000,  2.0000,  4.0000, -4.0000, 
 4.0000, -4.0000,  4.0000, -6.0000,  6.0000, -6.0000, 
 6.0000, -6.0000,  6.0000, -6.0000,  6.0000, -8.0000, 
 8.0000, -8.0000,  8.0000, -8.0000,  8.0000, -8.0000, 
 8.0000, -8.0000,  8.0000, -8.0000,  8.0000, -8.0000, 
 8.0000, -8.0000,  8.0000, -8.0000,  8.0000, -8.0000, 
 8.0000, -8.0000,  8.0000, -8.0000,  8.0000, -8.0000, 
 8.0000, -8.0000,  8.0000, -6.0000,  6.0000, -6.0000, 
 6.0000, -6.0000,  6.0000, -6.0000,  6.0000, -4.0000, 
 4.0000, -4.0000,  4.0000, -4.0000, -2.0000,  2.0000, 
 4.0000, -2.0000,  0.0000,  2.0000, -2.0000,  0.0000, 
 2.0000,  0.0000, -2.0000,  0.0000,  2.0000, -2.0000, 
 0.0000,  2.0000, -4.0000, -2.0000,  2.0000,  4.0000, 
-4.0000,  4.0000, -4.0000,  4.0000, -6.0000,  6.0000, 
-6.0000,  6.0000, -6.0000,  6.0000, -6.0000,  6.0000, 
-8.0000,  8.0000, -8.0000,  8.0000, -8.0000,  8.0000, 
-8.0000,  8.0000, -8.0000,  8.0000, -8.0000,  8.0000, 
-8.0000,  8.0000, -8.0000,  8.0000, -8.0000,  8.0000, 
-8.0000,  8.0000, -8.0000,  8.0000, -8.0000,  8.0000, 
-8.0000,  8.0000, -6.0000,  6.0000, -6.0000,  6.0000, 
-6.0000,  6.0000, -6.0000,  6.0000, -4.0000,  4.0000, 
-4.0000,  4.0000, -4.0000, -2.0000,  2.0000,  4.0000, 
-2.0000,  0.0000,  2.0000, -2.0000,  0.0000,  2.0000, 
 0.0000,  0.0000, -2.0000,  0.0000,  2.0000, -2.0000, 
 0.0000,  2.0000, -4.0000,  4.0000, -4.0000,  4.0000, 
-4.0000,  4.0000, -6.0000,  6.0000, -6.0000,  6.0000, 
-6.0000,  6.0000, -6.0000,  6.0000, -6.0000,  6.0000, 
-8.0000,  8.0000, -8.0000,  8.0000, -8.0000,  8.0000, 
-8.0000,  8.0000, -8.0000,  8.0000, -8.0000,  8.0000, 
-8.0000,  8.0000, -8.0000,  8.0000, -8.0000,  8.0000, 
-8.0000,  8.0000, -8.0000,  8.0000, -8.0000,  8.0000, 
-6.0000,  6.0000, -6.0000,  6.0000, -6.0000,  6.0000, 
-6.0000,  6.0000, -4.0000,  4.0000, -4.0000,  4.0000, 
-4.0000, -2.0000,  2.0000,  4.0000, -2.0000,  0.0000, 
 2.0000, -2.0000,  0.0000,  2.0000,  0.0000, -2.0000, 
 0.0000,  2.0000, -2.0000,  0.0000,  2.0000, -4.0000, 
-2.0000,  2.0000,  4.0000, -4.0000,  4.0000, -4.0000, 
 4.0000, -6.0000,  6.0000, -6.0000,  6.0000, -6.0000, 
 6.0000, -6.0000,  6.0000, -8.0000,  8.0000, -8.0000, 
 8.0000, -8.0000,  8.0000, -8.0000,  8.0000, -8.0000, 
 8.0000, -8.0000,  8.0000, -8.0000,  8.0000, -8.0000, 
 8.0000, -8.0000,  8.0000, -8.0000,  8.0000, -6.0000, 
 6.0000, -6.0000,  6.0000, -6.0000,  6.0000, -6.0000, 
 6.0000, -6.0000,  6.0000, -4.0000,  4.0000, -4.0000, 
 4.0000, -4.0000,  4.0000, -2.0000,  0.0000,  2.0000, 
-2.0000,  0.0000,  2.0000,  0.0000,  0.0000, -2.0000, 
 0.0000,  2.0000, -2.0000,  0.0000,  2.0000, -4.0000, 
-2.0000,  2.0000,  4.0000, -4.0000,  4.0000, -4.0000, 
 4.0000, -6.0000,  6.0000, -6.0000,  6.0000, -6.0000, 
 6.0000, -6.0000,  6.0000, -6.0000,  6.0000, -8.0000, 
 8.0000, -8.0000,  8.0000, -8.0000,  8.0000, -8.0000, 
 8.0000, -8.0000,  8.0000, -8.0000,  8.0000, -8.0000, 
 8.0000, -6.0000,  6.0000, -6.0000,  6.0000, -6.0000, 
 6.0000, -6.0000,  6.0000, -4.0000,  4.0000, -4.0000, 
 4.0000, -4.0000, -2.0000,  2.0000,  4.0000, -2.0000, 
 0.0000,  2.0000, -2.0000,  0.0000,  2.0000,  0.0000, 
-2.0000,  0.0000,  2.0000, -2.0000,  0.0000,  2.0000, 
-2.0000,  0.0000,  2.0000, -4.0000,  4.0000, -4.0000, 
 4.0000, -4.0000,  4.0000, -6.0000,  6.0000, -6.0000, 
 6.0000, -6.0000,  6.0000, -6.0000,  6.0000, -6.0000, 
 6.0000, -6.0000,  6.0000, -6.0000,  6.0000, -6.0000, 
 6.0000, -6.0000,  6.0000, -4.0000,  4.0000, -4.0000, 
 4.0000, -4.0000, -2.0000,  2.0000,  4.0000, -2.0000, 
 0.0000,  2.0000, -2.0000,  0.0000,  2.0000,  0.0000, 
 0.0000, -2.0000,  0.0000,  2.0000, -2.0000,  0.0000, 
 2.0000, -4.0000, -2.0000,  2.0000,  4.0000, -4.0000, 
 4.0000, -4.0000,  4.0000, -6.0000,  6.0000, -6.0000, 
 6.0000, -6.0000,  6.0000, -6.0000,  6.0000, -6.0000, 
 6.0000, -6.0000,  6.0000, -6.0000,  6.0000, -6.0000, 
 6.0000, -6.0000,  6.0000, -6.0000,  6.0000, -4.0000, 
 4.0000, -4.0000,  4.0000, -4.0000,  4.0000, -2.0000, 
 0.0000,  2.0000, -2.0000,  0.0000,  2.0000,  0.0000, 
-2.0000,  0.0000,  2.0000, -2.0000,  0.0000,  2.0000, 
-4.0000, -2.0000,  2.0000,  4.0000, -4.0000,  4.0000, 
-4.0000,  4.0000, -4.0000,  4.0000, -6.0000,  6.0000, 
-6.0000,  6.0000, -6.0000,  6.0000, -6.0000,  6.0000, 
-6.0000,  6.0000, -6.0000,  6.0000, -6.0000,  6.0000, 
-6.0000,  6.0000, -6.0000,  6.0000, -6.0000,  6.0000, 
-6.0000,  6.0000, -4.0000,  4.0000, -4.0000,  4.0000, 
-4.0000,  4.0000, -4.0000, -2.0000,  2.0000,  4.0000, 
-2.0000,  0.0000,  2.0000, -2.0000,  0.0000,  2.0000, 
 0.0000,  0.0000, -2.0000,  0.0000,  2.0000, -2.0000, 
 0.0000,  2.0000, -4.0000, -2.0000,  2.0000,  4.0000, 
-4.0000,  4.0000, -4.0000,  4.0000, -4.0000,  4.0000, 
-6.0000,  6.0000, -6.0000,  6.0000, -6.0000,  6.0000, 
-6.0000,  6.0000, -6.0000,  6.0000, -6.0000,  6.0000, 
-6.0000,  6.0000, -6.0000,  6.0000, -6.0000,  6.0000, 
-6.0000,  6.0000, -6.0000,  6.0000, -6.0000,  6.0000, 
-4.0000,  4.0000, -4.0000,  4.0000, -4.0000, -2.0000, 
 2.0000,  4.0000, -2.0000,  0.0000,  2.0000, -2.0000, 
 0.0000,  2.0000,  0.0000, -2.0000,  0.0000,  2.0000, 
-2.0000,  0.0000,  2.0000, -2.0000,  0.0000,  2.0000, 
-4.0000, -2.0000,  2.0000,  4.0000, -4.0000,  4.0000, 
-4.0000,  4.0000, -4.0000,  4.0000, -6.0000,  6.0000, 
-6.0000,  6.0000, -6.0000,  6.0000, -6.0000,  6.0000, 
-6.0000,  6.0000, -6.0000,  6.0000, -6.0000,  6.0000, 
-6.0000,  6.0000, -6.0000,  6.0000, -6.0000,  6.0000, 
-6.0000,  6.0000, -6.0000,  6.0000, -6.0000,  6.0000, 
-6.0000,  6.0000, -6.0000,  6.0000, -6.0000,  6.0000, 
-6.0000,  6.0000, -4.0000,  4.0000, -4.0000,  4.0000, 
-4.0000,  4.0000, -4.0000, -2.0000,  2.0000,  4.0000, 
-2.0000,  0.0000,  2.0000, -2.0000,  0.0000,  2.0000, 
 0.0000,  0.0000, -2.0000,  0.0000,  2.0000, -2.0000, 
 0.0000,  2.0000, -2.0000,  0.0000,  2.0000, -4.0000, 
-2.0000,  2.0000,  4.0000, -4.0000,  4.0000, -4.0000, 
 4.0000, -4.0000,  4.0000, -6.0000,  6.0000, -6.0000, 
 6.0000, -6.0000,  6.0000, -6.0000,  6.0000, -6.0000, 
 6.0000, -6.0000,  6.0000, -6.0000,  6.0000, -6.0000, 
 6.0000, -6.0000,  6.0000, -6.0000,  6.0000, -6.0000, 
 6.0000, -6.0000,  6.0000, -6.0000,  6.0000, -6.0000, 
 6.0000, -6.0000,  6.0000, -6.0000,  6.0000, -6.0000, 
 6.0000, -6.0000,  6.0000, -4.0000,  4.0000, -4.0000, 
 4.0000, -4.0000,  4.0000, -4.0000, -2.0000,  2.0000, 
 4.0000, -2.0000,  0.0000,  2.0000, -2.0000,  0.0000, 
 2.0000,  0.0000,  0.0000, -2.0000,  0.0000,  2.0000, 
-2.0000,  0.0000,  2.0000, -4.0000, -2.0000,  2.0000, 
 4.0000, -4.0000,  4.0000, -4.0000,  4.0000, -4.0000, 
 4.0000, -4.0000,  4.0000, -6.0000,  6.0000, -6.0000, 
 6.0000, -6.0000,  6.0000, -6.0000,  6.0000, -6.0000, 
 6.0000, -6.0000,  6.0000, -6.0000,  6.0000, -6.0000, 
 6.0000, -6.0000,  6.0000, -6.0000,  6.0000, -6.0000, 
 6.0000, -6.0000,  6.0000, -6.0000,  6.0000, -6.0000, 
 6.0000, -6.0000,  6.0000, -4.0000,  4.0000, -4.0000, 
 4.0000, -4.0000,  4.0000, -4.0000,  4.0000, -4.0000, 
-2.0000,  2.0000,  4.0000, -2.0000,  0.0000,  2.0000, 
-2.0000,  0.0000,  2.0000,  0.0000,  0.0000, -2.0000, 
 0.0000,  2.0000, -2.0000,  0.0000,  2.0000, -2.0000, 
 0.0000,  2.0000, -4.0000, -2.0000,  2.0000,  4.0000, 
-4.0000,  4.0000, -4.0000,  4.0000, -4.0000,  4.0000, 
-4.0000,  4.0000, -6.0000,  6.0000, -6.0000,  6.0000, 
-6.0000,  6.0000, -6.0000,  6.0000, -6.0000,  6.0000, 
-6.0000,  6.0000, -6.0000,  6.0000, -6.0000,  6.0000, 
-6.0000,  6.0000, -6.0000,  6.0000, -6.0000,  6.0000, 
-4.0000,  4.0000, -4.0000,  4.0000, -4.0000,  4.0000, 
-4.0000,  4.0000, -4.0000, -2.0000,  2.0000,  4.0000, 
-2.0000,  0.0000,  2.0000, -2.0000,  0.0000,  2.0000, 
-2.0000,  0.0000,  2.0000,  0.0000, -2.0000,  0.0000, 
 2.0000, -2.0000,  0.0000,  2.0000, -2.0000,  0.0000, 
 2.0000, -4.0000, -2.0000,  2.0000,  4.0000, -4.0000, 
 4.0000, -4.0000,  4.0000, -4.0000,  4.0000, -4.0000, 
 4.0000, -4.0000,  4.0000, -4.0000,  4.0000, -4.0000, 
 4.0000, -4.0000,  4.0000, -4.0000,  4.0000, -4.0000, 
 4.0000, -4.0000, -2.0000,  2.0000,  4.0000, -4.0000, 
-2.0000,  2.0000,  4.0000, -2.0000,  0.0000,  2.0000, 
-2.0000,  0.0000,  2.0000, -2.0000,  0.0000,  2.0000, 
 0.0000, -2.0000,  0.0000,  2.0000, -2.0000,  0.0000, 
 2.0000, -2.0000,  0.0000,  2.0000, -4.0000, -2.0000, 
 2.0000,  4.0000, -4.0000, -2.0000,  2.0000,  4.0000, 
-4.0000,  4.0000, -4.0000,  4.0000, -4.0000,  4.0000, 
-4.0000,  4.0000, -4.0000,  4.0000, -4.0000,  4.0000, 
-4.0000,  4.0000, -4.0000,  4.0000, -4.0000,  4.0000, 
-4.0000,  4.0000, -4.0000,  4.0000, -4.0000,  4.0000, 
-4.0000,  4.0000, -4.0000,  4.0000, -4.0000,  4.0000, 
-4.0000,  4.0000, -4.0000,  4.0000, -4.0000, -2.0000, 
 2.0000,  4.0000, -2.0000,  0.0000,  2.0000, -2.0000, 
 0.0000,  2.0000, -2.0000,  0.0000,  2.0000,  0.0000, 
 0.0000, -2.0000,  0.0000,  2.0000, -2.0000,  0.0000, 
 2.0000, -2.0000,  0.0000,  2.0000, -2.0000,  0.0000, 
 2.0000, -4.0000, -2.0000,  2.0000,  4.0000, -4.0000, 
-2.0000,  2.0000,  4.0000, -4.0000,  4.0000, -4.0000, 
 4.0000, -4.0000,  4.0000, -4.0000,  4.0000, -4.0000, 
 4.0000, -4.0000,  4.0000, -4.0000,  4.0000, -4.0000, 
 4.0000, -4.0000,  4.0000, -4.0000,  4.0000, -4.0000, 
 4.0000, -4.0000,  4.0000, -4.0000, -2.0000,  2.0000, 
 4.0000, -4.0000, -2.0000,  2.0000,  4.0000, -2.0000, 
 0.0000,  2.0000, -2.0000,  0.0000,  2.0000, -2.0000, 
 0.0000,  2.0000, -2.0000,  0.0000,  2.0000,  0.0000, 
 0.0000, -2.0000,  0.0000,  2.0000, -2.0000,  0.0000, 
 2.0000, -2.0000,  0.0000,  2.0000, -2.0000,  0.0000, 
 2.0000, -2.0000,  0.0000,  2.0000, -4.0000, -2.0000, 
 2.0000,  4.0000, -4.0000, -2.0000,  2.0000,  4.0000, 
-4.0000, -2.0000,  2.0000,  4.0000, -4.0000, -2.0000, 
 2.0000,  4.0000, -4.0000,  4.0000, -4.0000,  4.0000, 
-4.0000,  4.0000, -4.0000, -2.0000,  2.0000,  4.0000, 
-4.0000, -2.0000,  2.0000,  4.0000, -4.0000, -2.0000, 
 2.0000,  4.0000, -2.0000,  0.0000,  2.0000, -2.0000, 
 0.0000,  2.0000, -2.0000,  0.0000,  2.0000, -2.0000, 
 0.0000,  2.0000, -2.0000,  0.0000,  2.0000,  0.0000, 
 0.0000,  0.0000,  0.0000, -2.0000,  0.0000,  2.0000, 
-2.0000,  0.0000,  2.0000, -2.0000,  0.0000,  2.0000, 
-2.0000,  0.0000,  2.0000, -2.0000,  0.0000,  2.0000, 
-2.0000,  0.0000,  2.0000, -2.0000,  0.0000,  2.0000, 
-2.0000,  0.0000,  2.0000, -2.0000,  0.0000,  2.0000, 
-2.0000,  0.0000,  2.0000, -2.0000,  0.0000,  2.0000, 
-2.0000,  0.0000,  2.0000, -2.0000,  0.0000,  2.0000, 
-2.0000,  0.0000,  2.0000, -2.0000,  0.0000,  2.0000, 
-2.0000,  0.0000,  2.0000,  0.0000,  0.0000,  0.0000, 
 0.0000, -2.0000,  0.0000,  2.0000, -2.0000,  0.0000, 
 2.0000, -2.0000,  0.0000,  2.0000, -2.0000,  0.0000, 
 2.0000, -2.0000,  0.0000,  2.0000, -2.0000,  0.0000, 
 2.0000, -2.0000,  0.0000,  2.0000, -2.0000,  0.0000, 
 2.0000, -2.0000,  0.0000,  2.0000, -2.0000,  0.0000, 
 2.0000,  0.0000,  0.0000,  0.0000,  0.0000,  0.0000, 
 0.0000,  0.0000,  0.0000,  0.0000,  0.0000, 
