#---it-------t---------dt-------urms-------umax-------rhom--------brms---------TT2m--------Rmesh---
      0      0.000  1.19E-03  0.000E+00  0.000E+00  8.586E+00  5.09849E-03  3.99712E+01  8.737E-01
    100      0.117  1.17E-03  4.783E-02  1.412E-01  8.586E+00  7.06369E-04  3.99724E+01  8.980E-01
    200      0.233  1.15E-03  6.871E-02  2.046E-01  8.586E+00  3.96492E-04  3.99756E+01  9.234E-01
    300      0.348  1.14E-03  8.324E-02  2.301E-01  8.586E+00  2.75080E-04  3.99807E+01  9.326E-01
    400      0.462  1.14E-03  9.246E-02  2.732E-01  8.586E+00  2.08251E-04  3.99873E+01  9.378E-01
    500      0.576  1.14E-03  9.873E-02  3.140E-01  8.586E+00  1.66055E-04  3.99949E+01  9.440E-01
    600      0.689  1.13E-03  1.015E-01  3.309E-01  8.586E+00  1.37017E-04  4.00032E+01  9.469E-01
    700      0.803  1.13E-03  1.141E-01  3.468E-01  8.586E+00  1.16071E-04  4.00127E+01  9.578E-01
    800      0.914  1.10E-03  1.200E-01  4.123E-01  8.586E+00  1.00567E-04  4.00235E+01  9.931E-01
    900      1.024  1.10E-03  1.230E-01  3.890E-01  8.586E+00  8.86552E-05  4.00348E+01  9.882E-01
   1000      1.135  1.12E-03  1.257E-01  3.807E-01  8.586E+00  7.90925E-05  4.00467E+01  9.655E-01
   1100      1.246  1.11E-03  1.283E-01  3.863E-01  8.586E+00  7.13287E-05  4.00592E+01  9.747E-01
   1200      1.357  1.11E-03  1.317E-01  4.203E-01  8.586E+00  6.49677E-05  4.00719E+01  9.814E-01
   1300      1.468  1.11E-03  1.353E-01  4.096E-01  8.586E+00  5.96556E-05  4.00856E+01  9.759E-01
   1400      1.579  1.11E-03  1.405E-01  4.804E-01  8.586E+00  5.52061E-05  4.01002E+01  9.851E-01
   1500      1.690  1.11E-03  1.423E-01  5.004E-01  8.586E+00  5.14315E-05  4.01155E+01  9.800E-01
   1600      1.801  1.11E-03  1.441E-01  5.248E-01  8.586E+00  4.81815E-05  4.01313E+01  9.778E-01
   1700      1.912  1.11E-03  1.458E-01  4.830E-01  8.586E+00  4.53733E-05  4.01476E+01  9.789E-01
   1800      2.023  1.10E-03  1.501E-01  4.952E-01  8.586E+00  4.29407E-05  4.01645E+01  9.962E-01
   1900      2.133  1.10E-03  1.548E-01  5.265E-01  8.586E+00  4.08229E-05  4.01826E+01  9.907E-01
   2000      2.243  1.10E-03  1.565E-01  5.238E-01  8.586E+00  3.89597E-05  4.02016E+01  9.942E-01
   2100      2.352  1.09E-03  1.601E-01  5.155E-01  8.586E+00  3.73131E-05  4.02211E+01  1.004E+00
   2200      2.462  1.09E-03  1.610E-01  5.372E-01  8.586E+00  3.58531E-05  4.02413E+01  1.007E+00
   2300      2.571  1.10E-03  1.597E-01  5.628E-01  8.586E+00  3.45182E-05  4.02613E+01  1.001E+00
   2400      2.680  1.09E-03  1.616E-01  5.481E-01  8.586E+00  3.33041E-05  4.02812E+01  1.012E+00
   2500      2.789  1.10E-03  1.599E-01  5.190E-01  8.586E+00  3.21922E-05  4.03012E+01  9.966E-01
   2600      2.899  1.10E-03  1.666E-01  5.197E-01  8.586E+00  3.11937E-05  4.03222E+01  1.000E+00
   2700      3.008  1.09E-03  1.697E-01  5.255E-01  8.586E+00  3.02958E-05  4.03444E+01  1.007E+00
   2800      3.117  1.09E-03  1.686E-01  5.023E-01  8.586E+00  2.94747E-05  4.03666E+01  1.010E+00
   2900      3.226  1.08E-03  1.707E-01  5.307E-01  8.586E+00  2.87245E-05  4.03891E+01  1.023E+00
   3000      3.333  1.07E-03  1.715E-01  5.113E-01  8.586E+00  2.80446E-05  4.04115E+01  1.031E+00
   3100      3.441  1.10E-03  1.670E-01  5.307E-01  8.586E+00  2.73938E-05  4.04336E+01  9.953E-01
   3200      3.550  1.09E-03  1.645E-01  4.901E-01  8.586E+00  2.67567E-05  4.04545E+01  1.015E+00
   3300      3.659  1.09E-03  1.664E-01  5.022E-01  8.586E+00  2.61631E-05  4.04752E+01  1.014E+00
   3400      3.767  1.08E-03  1.677E-01  5.305E-01  8.586E+00  2.56121E-05  4.04964E+01  1.030E+00
   3500      3.875  1.09E-03  1.694E-01  5.221E-01  8.586E+00  2.51011E-05  4.05179E+01  1.009E+00
   3600      3.984  1.09E-03  1.722E-01  5.192E-01  8.586E+00  2.46408E-05  4.05399E+01  1.010E+00
   3700      4.092  1.07E-03  1.750E-01  5.034E-01  8.586E+00  2.42256E-05  4.05626E+01  1.032E+00
   3800      4.200  1.08E-03  1.734E-01  4.948E-01  8.586E+00  2.38384E-05  4.05851E+01  1.026E+00
   3900      4.307  1.07E-03  1.737E-01  5.064E-01  8.586E+00  2.34745E-05  4.06076E+01  1.042E+00
   4000      4.414  1.07E-03  1.740E-01  4.865E-01  8.587E+00  2.31328E-05  4.06299E+01  1.031E+00
   4100      4.521  1.06E-03  1.727E-01  5.147E-01  8.586E+00  2.28179E-05  4.06522E+01  1.046E+00
   4200      4.628  1.07E-03  1.786E-01  5.128E-01  8.586E+00  2.25255E-05  4.06748E+01  1.036E+00
   4300      4.735  1.07E-03  1.808E-01  5.166E-01  8.586E+00  2.22752E-05  4.06988E+01  1.038E+00
   4400      4.842  1.07E-03  1.839E-01  5.153E-01  8.586E+00  2.20622E-05  4.07238E+01  1.039E+00
   4500      4.949  1.08E-03  1.850E-01  5.745E-01  8.586E+00  2.18645E-05  4.07490E+01  1.024E+00
   4600      5.058  1.09E-03  1.880E-01  6.694E-01  8.586E+00  2.16891E-05  4.07755E+01  1.013E+00
   4700      5.166  1.08E-03  1.853E-01  6.179E-01  8.587E+00  2.15208E-05  4.08015E+01  1.025E+00
   4800      5.274  1.07E-03  1.849E-01  5.526E-01  8.587E+00  2.13578E-05  4.08275E+01  1.039E+00
   4900      5.380  1.06E-03  1.845E-01  5.463E-01  8.587E+00  2.12016E-05  4.08535E+01  1.049E+00
   5000      5.487  1.06E-03  1.846E-01  5.564E-01  8.587E+00  2.10448E-05  4.08790E+01  1.045E+00
   5100      5.594  1.08E-03  1.875E-01  5.813E-01  8.587E+00  2.09064E-05  4.09055E+01  1.029E+00
   5200      5.702  1.08E-03  1.874E-01  5.257E-01  8.587E+00  2.07739E-05  4.09324E+01  1.028E+00
   5300      5.809  1.08E-03  1.876E-01  5.252E-01  8.587E+00  2.06465E-05  4.09594E+01  1.023E+00
   5400      5.917  1.07E-03  1.867E-01  5.214E-01  8.587E+00  2.05199E-05  4.09860E+01  1.032E+00
   5500      6.025  1.09E-03  1.874E-01  5.182E-01  8.587E+00  2.04029E-05  4.10129E+01  1.015E+00
   5600      6.133  1.09E-03  1.850E-01  5.405E-01  8.587E+00  2.02904E-05  4.10395E+01  1.013E+00
   5700      6.242  1.09E-03  1.874E-01  5.302E-01  8.587E+00  2.01869E-05  4.10663E+01  1.014E+00
   5800      6.351  1.08E-03  1.872E-01  5.148E-01  8.587E+00  2.00876E-05  4.10929E+01  1.017E+00
   5900      6.459  1.08E-03  1.919E-01  5.212E-01  8.587E+00  2.00073E-05  4.11204E+01  1.028E+00
   6000      6.566  1.07E-03  1.923E-01  5.434E-01  8.587E+00  1.99503E-05  4.11483E+01  1.035E+00
   6100      6.674  1.08E-03  1.894E-01  5.536E-01  8.587E+00  1.98917E-05  4.11753E+01  1.020E+00
   6200      6.783  1.09E-03  1.852E-01  5.281E-01  8.587E+00  1.98252E-05  4.12012E+01  1.011E+00
   6300      6.891  1.08E-03  1.841E-01  5.135E-01  8.587E+00  1.97580E-05  4.12267E+01  1.025E+00
   6400      6.999  1.08E-03  1.836E-01  5.146E-01  8.587E+00  1.96815E-05  4.12514E+01  1.019E+00
   6500      7.108  1.09E-03  1.795E-01  5.155E-01  8.587E+00  1.96082E-05  4.12758E+01  1.003E+00
   6600      7.216  1.07E-03  1.804E-01  5.502E-01  8.587E+00  1.95322E-05  4.12993E+01  1.045E+00
   6700      7.323  1.07E-03  1.771E-01  5.509E-01  8.587E+00  1.94579E-05  4.13225E+01  1.033E+00
   6800      7.431  1.07E-03  1.769E-01  6.118E-01  8.587E+00  1.93836E-05  4.13456E+01  1.036E+00
   6900      7.538  1.07E-03  1.778E-01  6.014E-01  8.587E+00  1.93155E-05  4.13690E+01  1.031E+00
   7000      7.646  1.08E-03  1.795E-01  5.411E-01  8.587E+00  1.92532E-05  4.13928E+01  1.020E+00
   7100      7.754  1.08E-03  1.797E-01  5.678E-01  8.587E+00  1.92100E-05  4.14172E+01  1.024E+00
   7200      7.862  1.07E-03  1.818E-01  5.979E-01  8.587E+00  1.91793E-05  4.14418E+01  1.032E+00
   7300      7.969  1.08E-03  1.845E-01  5.063E-01  8.587E+00  1.91633E-05  4.14670E+01  1.015E+00
   7400      8.078  1.08E-03  1.838E-01  5.799E-01  8.587E+00  1.91532E-05  4.14929E+01  1.019E+00
#---it-------t---------dt-------urms-------umax-------rhom--------brms---------TT2m--------Rmesh---
      0      8.088  1.08E-03  1.843E-01  5.930E-01  8.587E+00  1.91527E-05  4.14952E+01  1.023E+00
    100      8.195  1.08E-03  1.846E-01  5.717E-01  8.587E+00  1.91545E-05  4.15209E+01  1.026E+00
    200      8.303  1.08E-03  1.857E-01  5.620E-01  8.587E+00  1.91612E-05  4.15469E+01  1.028E+00
    300      8.410  1.07E-03  1.822E-01  5.827E-01  8.587E+00  1.91654E-05  4.15724E+01  1.040E+00
    400      8.517  1.08E-03  1.820E-01  5.886E-01  8.587E+00  1.91718E-05  4.15978E+01  1.027E+00
    500      8.625  1.09E-03  1.814E-01  5.532E-01  8.587E+00  1.91798E-05  4.16231E+01  1.012E+00
    600      8.734  1.09E-03  1.788E-01  5.402E-01  8.587E+00  1.91896E-05  4.16480E+01  1.008E+00
    700      8.842  1.08E-03  1.800E-01  5.693E-01  8.587E+00  1.92071E-05  4.16731E+01  1.025E+00
    800      8.950  1.08E-03  1.780E-01  5.411E-01  8.587E+00  1.92239E-05  4.16977E+01  1.023E+00
    900      9.059  1.08E-03  1.734E-01  5.528E-01  8.587E+00  1.92362E-05  4.17213E+01  1.018E+00
   1000      9.167  1.09E-03  1.707E-01  6.063E-01  8.587E+00  1.92337E-05  4.17441E+01  1.009E+00
   1100      9.275  1.09E-03  1.711E-01  6.191E-01  8.587E+00  1.92202E-05  4.17664E+01  1.012E+00
   1200      9.384  1.09E-03  1.679E-01  6.211E-01  8.587E+00  1.92142E-05  4.17882E+01  1.013E+00
   1300      9.493  1.09E-03  1.705E-01  6.385E-01  8.587E+00  1.92052E-05  4.18097E+01  1.011E+00
   1400      9.602  1.09E-03  1.727E-01  5.944E-01  8.587E+00  1.92091E-05  4.18320E+01  1.013E+00
   1500      9.710  1.08E-03  1.752E-01  5.614E-01  8.587E+00  1.92400E-05  4.18548E+01  1.017E+00
   1600      9.818  1.08E-03  1.732E-01  6.347E-01  8.587E+00  1.92721E-05  4.18775E+01  1.018E+00
   1700      9.927  1.09E-03  1.725E-01  6.238E-01  8.587E+00  1.93009E-05  4.18996E+01  1.014E+00
   1800     10.035  1.08E-03  1.714E-01  5.583E-01  8.587E+00  1.93408E-05  4.19219E+01  1.017E+00
   1900     10.143  1.09E-03  1.726E-01  5.474E-01  8.587E+00  1.93769E-05  4.19438E+01  1.009E+00
   2000     10.252  1.09E-03  1.740E-01  5.984E-01  8.587E+00  1.94259E-05  4.19661E+01  1.009E+00
   2100     10.361  1.08E-03  1.744E-01  5.393E-01  8.587E+00  1.94893E-05  4.19888E+01  1.022E+00
   2200     10.469  1.09E-03  1.791E-01  5.116E-01  8.587E+00  1.95676E-05  4.20123E+01  1.010E+00
   2300     10.578  1.08E-03  1.798E-01  5.740E-01  8.587E+00  1.96678E-05  4.20366E+01  1.018E+00
   2400     10.686  1.07E-03  1.814E-01  5.489E-01  8.587E+00  1.97683E-05  4.20609E+01  1.032E+00
   2500     10.794  1.08E-03  1.815E-01  5.556E-01  8.587E+00  1.98823E-05  4.20861E+01  1.015E+00
   2600     10.902  1.08E-03  1.835E-01  5.548E-01  8.587E+00  2.00041E-05  4.21114E+01  1.016E+00
   2700     11.011  1.08E-03  1.837E-01  5.326E-01  8.587E+00  2.01243E-05  4.21368E+01  1.020E+00
   2800     11.119  1.08E-03  1.831E-01  6.086E-01  8.587E+00  2.02460E-05  4.21623E+01  1.022E+00
   2900     11.226  1.07E-03  1.806E-01  6.458E-01  8.587E+00  2.03530E-05  4.21872E+01  1.034E+00
   3000     11.334  1.08E-03  1.799E-01  5.982E-01  8.587E+00  2.04489E-05  4.22117E+01  1.021E+00
   3100     11.442  1.08E-03  1.811E-01  6.490E-01  8.587E+00  2.05345E-05  4.22364E+01  1.025E+00
   3200     11.550  1.08E-03  1.797E-01  6.198E-01  8.587E+00  2.06294E-05  4.22614E+01  1.017E+00
   3300     11.659  1.09E-03  1.768E-01  5.758E-01  8.587E+00  2.07223E-05  4.22864E+01  1.010E+00
   3400     11.768  1.09E-03  1.719E-01  5.721E-01  8.587E+00  2.07932E-05  4.23100E+01  1.009E+00
   3500     11.877  1.09E-03  1.739E-01  5.682E-01  8.587E+00  2.08577E-05  4.23332E+01  1.004E+00
   3600     11.986  1.09E-03  1.743E-01  5.524E-01  8.587E+00  2.09385E-05  4.23570E+01  1.007E+00
   3700     12.095  1.09E-03  1.727E-01  5.078E-01  8.587E+00  2.10126E-05  4.23801E+01  1.010E+00
   3800     12.203  1.09E-03  1.743E-01  5.225E-01  8.587E+00  2.10823E-05  4.24028E+01  1.004E+00
   3900     12.312  1.09E-03  1.767E-01  5.339E-01  8.587E+00  2.11678E-05  4.24266E+01  1.004E+00
   4000     12.421  1.07E-03  1.740E-01  5.193E-01  8.587E+00  2.12437E-05  4.24499E+01  1.034E+00
   4100     12.528  1.07E-03  1.723E-01  5.294E-01  8.587E+00  2.13162E-05  4.24724E+01  1.037E+00
   4200     12.636  1.09E-03  1.738E-01  5.405E-01  8.587E+00  2.13895E-05  4.24949E+01  1.010E+00
   4300     12.745  1.08E-03  1.750E-01  5.409E-01  8.587E+00  2.14862E-05  4.25182E+01  1.027E+00
   4400     12.853  1.08E-03  1.748E-01  4.953E-01  8.587E+00  2.15906E-05  4.25414E+01  1.021E+00
   4500     12.961  1.08E-03  1.767E-01  5.193E-01  8.587E+00  2.16958E-05  4.25645E+01  1.025E+00
   4600     13.069  1.07E-03  1.802E-01  5.402E-01  8.587E+00  2.18191E-05  4.25880E+01  1.032E+00
   4700     13.176  1.08E-03  1.807E-01  5.304E-01  8.587E+00  2.19612E-05  4.26121E+01  1.028E+00
   4800     13.284  1.09E-03  1.807E-01  5.870E-01  8.587E+00  2.21039E-05  4.26367E+01  1.009E+00
   4900     13.392  1.08E-03  1.789E-01  5.762E-01  8.587E+00  2.22404E-05  4.26606E+01  1.026E+00
   5000     13.500  1.08E-03  1.810E-01  5.437E-01  8.587E+00  2.23839E-05  4.26846E+01  1.026E+00
   5100     13.607  1.07E-03  1.802E-01  5.673E-01  8.587E+00  2.25306E-05  4.27088E+01  1.035E+00
   5200     13.715  1.08E-03  1.801E-01  5.256E-01  8.587E+00  2.26725E-05  4.27328E+01  1.024E+00
   5300     13.823  1.07E-03  1.818E-01  5.596E-01  8.587E+00  2.28224E-05  4.27573E+01  1.034E+00
   5400     13.930  1.07E-03  1.804E-01  5.294E-01  8.587E+00  2.29766E-05  4.27816E+01  1.039E+00
   5500     14.037  1.07E-03  1.818E-01  5.185E-01  8.587E+00  2.31367E-05  4.28059E+01  1.033E+00
   5600     14.144  1.06E-03  1.799E-01  5.624E-01  8.587E+00  2.33032E-05  4.28303E+01  1.054E+00
   5700     14.251  1.08E-03  1.764E-01  5.062E-01  8.587E+00  2.34514E-05  4.28541E+01  1.023E+00
   5800     14.359  1.08E-03  1.769E-01  5.599E-01  8.587E+00  2.35922E-05  4.28778E+01  1.018E+00
   5900     14.468  1.09E-03  1.764E-01  5.099E-01  8.587E+00  2.37356E-05  4.29015E+01  1.015E+00
   6000     14.576  1.07E-03  1.786E-01  5.227E-01  8.587E+00  2.38738E-05  4.29252E+01  1.031E+00
   6100     14.683  1.08E-03  1.817E-01  5.188E-01  8.587E+00  2.40348E-05  4.29498E+01  1.023E+00
   6200     14.792  1.08E-03  1.818E-01  5.116E-01  8.587E+00  2.42194E-05  4.29754E+01  1.027E+00
   6300     14.899  1.08E-03  1.799E-01  5.359E-01  8.587E+00  2.43968E-05  4.30010E+01  1.020E+00
   6400     15.007  1.08E-03  1.819E-01  5.396E-01  8.587E+00  2.45738E-05  4.30266E+01  1.020E+00
   6500     15.115  1.08E-03  1.827E-01  5.220E-01  8.587E+00  2.47680E-05  4.30527E+01  1.021E+00
   6600     15.223  1.08E-03  1.838E-01  5.255E-01  8.587E+00  2.49669E-05  4.30786E+01  1.028E+00
   6700     15.330  1.07E-03  1.863E-01  5.657E-01  8.587E+00  2.51799E-05  4.31052E+01  1.035E+00
   6800     15.437  1.07E-03  1.864E-01  5.701E-01  8.587E+00  2.54159E-05  4.31318E+01  1.042E+00
   6900     15.544  1.08E-03  1.872E-01  6.017E-01  8.587E+00  2.56582E-05  4.31584E+01  1.022E+00
   7000     15.651  1.08E-03  1.863E-01  5.539E-01  8.587E+00  2.58991E-05  4.31855E+01  1.018E+00
   7100     15.760  1.08E-03  1.866E-01  5.690E-01  8.587E+00  2.61374E-05  4.32126E+01  1.025E+00
   7200     15.867  1.08E-03  1.872E-01  5.612E-01  8.587E+00  2.63834E-05  4.32393E+01  1.020E+00
   7300     15.975  1.07E-03  1.827E-01  5.164E-01  8.587E+00  2.66102E-05  4.32649E+01  1.031E+00
   7400     16.083  1.08E-03  1.836E-01  5.512E-01  8.587E+00  2.68330E-05  4.32899E+01  1.029E+00
   7500     16.191  1.07E-03  1.823E-01  5.264E-01  8.587E+00  2.70555E-05  4.33146E+01  1.040E+00
   7600     16.297  1.07E-03  1.801E-01  5.320E-01  8.587E+00  2.72713E-05  4.33388E+01  1.042E+00
   7700     16.404  1.06E-03  1.814E-01  5.712E-01  8.587E+00  2.74959E-05  4.33628E+01  1.046E+00
   7800     16.510  1.06E-03  1.832E-01  6.034E-01  8.587E+00  2.77264E-05  4.33872E+01  1.058E+00
   7900     16.616  1.05E-03  1.894E-01  6.146E-01  8.587E+00  2.79786E-05  4.34126E+01  1.065E+00
   8000     16.721  1.05E-03  1.898E-01  6.391E-01  8.587E+00  2.82566E-05  4.34391E+01  1.061E+00
   8100     16.827  1.06E-03  1.902E-01  6.188E-01  8.587E+00  2.85315E-05  4.34660E+01  1.051E+00
   8200     16.933  1.06E-03  1.888E-01  6.076E-01  8.587E+00  2.88108E-05  4.34927E+01  1.059E+00
   8300     17.038  1.05E-03  1.882E-01  6.148E-01  8.587E+00  2.90940E-05  4.35191E+01  1.071E+00
   8400     17.143  1.06E-03  1.887E-01  6.097E-01  8.587E+00  2.93784E-05  4.35455E+01  1.060E+00
   8500     17.248  1.05E-03  1.882E-01  6.541E-01  8.587E+00  2.96610E-05  4.35719E+01  1.060E+00
   8600     17.354  1.06E-03  1.884E-01  6.339E-01  8.587E+00  2.99373E-05  4.35984E+01  1.053E+00
   8700     17.459  1.05E-03  1.883E-01  6.865E-01  8.587E+00  3.02274E-05  4.36257E+01  1.062E+00
   8800     17.565  1.05E-03  1.917E-01  6.463E-01  8.587E+00  3.05297E-05  4.36529E+01  1.067E+00
   8900     17.669  1.04E-03  1.889E-01  6.342E-01  8.587E+00  3.08272E-05  4.36803E+01  1.079E+00
   9000     17.774  1.04E-03  1.865E-01  6.536E-01  8.587E+00  3.10775E-05  4.37067E+01  1.087E+00
   9100     17.878  1.04E-03  1.888E-01  6.510E-01  8.587E+00  3.13296E-05  4.37334E+01  1.079E+00
   9200     17.983  1.05E-03  1.885E-01  6.084E-01  8.587E+00  3.15969E-05  4.37608E+01  1.069E+00
   9300     18.087  1.05E-03  1.914E-01  6.615E-01  8.587E+00  3.18635E-05  4.37880E+01  1.071E+00
   9400     18.192  1.05E-03  1.900E-01  6.193E-01  8.587E+00  3.21414E-05  4.38156E+01  1.072E+00
   9500     18.298  1.06E-03  1.886E-01  6.397E-01  8.587E+00  3.24231E-05  4.38433E+01  1.048E+00
   9600     18.403  1.06E-03  1.897E-01  6.587E-01  8.587E+00  3.27104E-05  4.38710E+01  1.049E+00
   9700     18.510  1.06E-03  1.882E-01  6.681E-01  8.587E+00  3.29851E-05  4.38984E+01  1.049E+00
   9800     18.616  1.07E-03  1.874E-01  6.283E-01  8.587E+00  3.32706E-05  4.39262E+01  1.034E+00
   9900     18.724  1.08E-03  1.870E-01  6.327E-01  8.587E+00  3.35461E-05  4.39535E+01  1.028E+00
  10000     18.831  1.07E-03  1.884E-01  5.975E-01  8.587E+00  3.38318E-05  4.39811E+01  1.034E+00
  10100     18.939  1.07E-03  1.906E-01  6.066E-01  8.587E+00  3.41298E-05  4.40089E+01  1.043E+00
  10200     19.044  1.06E-03  1.895E-01  6.231E-01  8.587E+00  3.44390E-05  4.40361E+01  1.049E+00
  10300     19.151  1.07E-03  1.920E-01  6.326E-01  8.587E+00  3.47600E-05  4.40635E+01  1.037E+00
  10400     19.258  1.05E-03  1.948E-01  6.060E-01  8.588E+00  3.51200E-05  4.40916E+01  1.061E+00
  10500     19.364  1.06E-03  1.977E-01  5.866E-01  8.588E+00  3.55050E-05  4.41205E+01  1.049E+00
  10600     19.469  1.05E-03  1.998E-01  6.397E-01  8.588E+00  3.58970E-05  4.41497E+01  1.069E+00
  10700     19.575  1.05E-03  1.968E-01  6.151E-01  8.588E+00  3.63004E-05  4.41793E+01  1.066E+00
  10800     19.680  1.06E-03  1.946E-01  6.257E-01  8.588E+00  3.66860E-05  4.42083E+01  1.059E+00
  10900     19.786  1.06E-03  1.936E-01  6.634E-01  8.588E+00  3.70588E-05  4.42365E+01  1.054E+00
  11000     19.891  1.05E-03  1.941E-01  6.291E-01  8.588E+00  3.74286E-05  4.42648E+01  1.069E+00
  11100     19.997  1.06E-03  1.927E-01  6.172E-01  8.587E+00  3.78082E-05  4.42929E+01  1.053E+00
  11200     20.102  1.04E-03  1.935E-01  6.092E-01  8.587E+00  3.81659E-05  4.43200E+01  1.077E+00
  11300     20.208  1.07E-03  1.929E-01  5.835E-01  8.587E+00  3.85592E-05  4.43478E+01  1.034E+00
  11400     20.316  1.08E-03  1.914E-01  5.287E-01  8.588E+00  3.89499E-05  4.43751E+01  1.027E+00
  11500     20.423  1.07E-03  1.918E-01  5.549E-01  8.588E+00  3.93553E-05  4.44028E+01  1.036E+00
  11600     20.529  1.06E-03  1.909E-01  5.463E-01  8.588E+00  3.97550E-05  4.44305E+01  1.046E+00
  11700     20.636  1.07E-03  1.886E-01  5.393E-01  8.588E+00  4.01328E-05  4.44580E+01  1.040E+00
  11800     20.743  1.06E-03  1.887E-01  5.267E-01  8.588E+00  4.05053E-05  4.44852E+01  1.051E+00
  11900     20.849  1.07E-03  1.866E-01  4.966E-01  8.588E+00  4.08758E-05  4.45124E+01  1.038E+00
  12000     20.956  1.07E-03  1.855E-01  5.071E-01  8.588E+00  4.12358E-05  4.45390E+01  1.043E+00
  12100     21.063  1.07E-03  1.858E-01  5.063E-01  8.588E+00  4.16096E-05  4.45659E+01  1.038E+00
  12200     21.170  1.06E-03  1.875E-01  5.463E-01  8.588E+00  4.20052E-05  4.45931E+01  1.049E+00
  12300     21.276  1.06E-03  1.891E-01  5.257E-01  8.588E+00  4.24042E-05  4.46203E+01  1.053E+00
  12400     21.383  1.07E-03  1.905E-01  6.084E-01  8.588E+00  4.28131E-05  4.46477E+01  1.041E+00
  12500     21.490  1.08E-03  1.919E-01  5.762E-01  8.588E+00  4.32374E-05  4.46758E+01  1.028E+00
  12600     21.597  1.07E-03  1.886E-01  5.836E-01  8.588E+00  4.36680E-05  4.47040E+01  1.036E+00
  12700     21.704  1.06E-03  1.905E-01  6.419E-01  8.588E+00  4.40948E-05  4.47316E+01  1.058E+00
  12800     21.809  1.06E-03  1.910E-01  6.638E-01  8.588E+00  4.45391E-05  4.47590E+01  1.057E+00
  12900     21.915  1.06E-03  1.890E-01  6.001E-01  8.588E+00  4.49764E-05  4.47863E+01  1.047E+00
  13000     22.021  1.05E-03  1.898E-01  5.901E-01  8.588E+00  4.54063E-05  4.48131E+01  1.064E+00
  13100     22.127  1.05E-03  1.914E-01  5.837E-01  8.588E+00  4.58650E-05  4.48401E+01  1.061E+00
  13200     22.233  1.06E-03  1.899E-01  5.719E-01  8.588E+00  4.63165E-05  4.48670E+01  1.049E+00
  13300     22.339  1.05E-03  1.923E-01  5.579E-01  8.588E+00  4.67546E-05  4.48936E+01  1.061E+00
  13400     22.445  1.06E-03  1.934E-01  5.652E-01  8.588E+00  4.72414E-05  4.49209E+01  1.049E+00
  13500     22.550  1.05E-03  1.931E-01  6.438E-01  8.588E+00  4.77548E-05  4.49488E+01  1.069E+00
  13600     22.656  1.06E-03  1.926E-01  5.987E-01  8.588E+00  4.82555E-05  4.49765E+01  1.053E+00
  13700     22.761  1.04E-03  1.928E-01  6.409E-01  8.588E+00  4.87734E-05  4.50041E+01  1.076E+00
  13800     22.866  1.06E-03  1.948E-01  6.108E-01  8.588E+00  4.92987E-05  4.50318E+01  1.059E+00
  13900     22.971  1.05E-03  1.972E-01  6.466E-01  8.588E+00  4.98522E-05  4.50601E+01  1.067E+00
  14000     23.075  1.05E-03  1.946E-01  6.058E-01  8.588E+00  5.04045E-05  4.50884E+01  1.067E+00
  14100     23.180  1.06E-03  1.942E-01  6.301E-01  8.588E+00  5.09541E-05  4.51163E+01  1.059E+00
  14200     23.286  1.06E-03  1.942E-01  6.294E-01  8.588E+00  5.15160E-05  4.51441E+01  1.052E+00
  14300     23.392  1.05E-03  1.916E-01  5.810E-01  8.588E+00  5.20459E-05  4.51716E+01  1.063E+00
  14400     23.498  1.06E-03  1.918E-01  5.707E-01  8.588E+00  5.25752E-05  4.51992E+01  1.052E+00
  14500     23.604  1.05E-03  1.911E-01  5.944E-01  8.588E+00  5.31142E-05  4.52274E+01  1.069E+00
  14600     23.709  1.05E-03  1.879E-01  6.152E-01  8.588E+00  5.36394E-05  4.52552E+01  1.065E+00
  14700     23.814  1.05E-03  1.874E-01  5.856E-01  8.588E+00  5.41264E-05  4.52826E+01  1.067E+00
  14800     23.920  1.07E-03  1.891E-01  5.957E-01  8.588E+00  5.46113E-05  4.53098E+01  1.042E+00
  14900     24.026  1.07E-03  1.869E-01  5.365E-01  8.588E+00  5.50911E-05  4.53370E+01  1.041E+00
  15000     24.133  1.06E-03  1.886E-01  5.467E-01  8.588E+00  5.55391E-05  4.53639E+01  1.051E+00
