#---it-------t---------dt-------urms-------umax-------rhom--------brms---------TT2m--------Rmesh---
      0      0.000  2.13E-03  0.000E+00  0.000E+00  3.579E+01  2.72316E-03  2.37174E+01  1.133E+01
    100      0.211  2.10E-03  2.888E-02  7.369E-02  3.579E+01  6.05287E-04  2.38764E+01  1.146E+01
    200      0.421  2.09E-03  4.089E-02  1.098E-01  3.579E+01  3.18765E-04  2.40048E+01  1.157E+01
    300      0.629  2.07E-03  4.836E-02  1.275E-01  3.579E+01  2.09007E-04  2.41141E+01  1.164E+01
    400      0.837  2.08E-03  6.007E-02  1.480E-01  3.579E+01  1.51644E-04  2.42117E+01  1.162E+01
    500      1.044  2.08E-03  6.214E-02  1.709E-01  3.579E+01  1.17110E-04  2.43011E+01  1.159E+01
    600      1.252  2.07E-03  6.790E-02  1.838E-01  3.579E+01  9.43656E-05  2.43829E+01  1.164E+01
    700      1.459  2.07E-03  7.610E-02  1.958E-01  3.579E+01  7.85240E-05  2.44564E+01  1.166E+01
    800      1.666  2.06E-03  7.904E-02  2.279E-01  3.579E+01  6.69474E-05  2.45206E+01  1.172E+01
    900      1.871  2.05E-03  8.278E-02  2.162E-01  3.579E+01  5.81981E-05  2.45762E+01  1.179E+01
   1000      2.075  2.05E-03  8.612E-02  2.497E-01  3.579E+01  5.13820E-05  2.46256E+01  1.177E+01
   1100      2.280  2.05E-03  9.054E-02  2.796E-01  3.579E+01  4.59235E-05  2.46724E+01  1.179E+01
   1200      2.484  2.04E-03  9.564E-02  2.612E-01  3.579E+01  4.14897E-05  2.47157E+01  1.185E+01
   1300      2.687  2.02E-03  9.722E-02  2.743E-01  3.579E+01  3.78271E-05  2.47567E+01  1.194E+01
   1400      2.888  2.00E-03  9.817E-02  2.811E-01  3.579E+01  3.47696E-05  2.48150E+01  1.205E+01
   1500      3.077  1.83E-03  1.029E-01  3.810E-01  3.579E+01  3.22936E-05  2.48352E+01  1.321E+01
   1600      3.260  1.87E-03  1.119E-01  4.338E-01  3.579E+01  3.02015E-05  2.48610E+01  1.293E+01
   1700      3.437  1.56E-03  1.169E-01  8.832E-01  3.579E+01  2.84174E-05  2.48865E+01  1.550E+01
   1800      3.597  1.72E-03  1.235E-01  9.456E-01  3.579E+01  2.69899E-05  2.48879E+01  1.405E+01
   1900      3.767  1.59E-03  1.302E-01  1.101E+00  3.579E+01  2.56370E-05  2.49063E+01  1.517E+01
   2000      3.913  1.63E-03  1.314E-01  1.023E+00  3.579E+01  2.45897E-05  2.49043E+01  1.482E+01
   2100      4.066  1.61E-03  1.367E-01  8.065E-01  3.579E+01  2.35781E-05  2.49180E+01  1.501E+01
   2200      4.221  1.27E-03  1.385E-01  1.526E+00  3.579E+01  2.26415E-05  2.49372E+01  1.896E+01
   2300      4.368  1.70E-03  1.376E-01  6.990E-01  3.579E+01  2.18387E-05  2.49555E+01  1.417E+01
   2400      4.522  1.49E-03  1.394E-01  1.080E+00  3.579E+01  2.10547E-05  2.49769E+01  1.624E+01
   2500      4.676  1.67E-03  1.417E-01  8.030E-01  3.579E+01  2.03407E-05  2.49679E+01  1.449E+01
   2600      4.839  1.45E-03  1.444E-01  1.104E+00  3.579E+01  1.96373E-05  2.49816E+01  1.671E+01
   2700      4.995  1.62E-03  1.477E-01  7.523E-01  3.579E+01  1.90087E-05  2.50188E+01  1.489E+01
   2800      5.158  1.55E-03  1.473E-01  1.012E+00  3.579E+01  1.84063E-05  2.50210E+01  1.563E+01
   2900      5.315  1.60E-03  1.488E-01  8.351E-01  3.579E+01  1.78744E-05  2.50194E+01  1.508E+01
   3000      5.473  1.64E-03  1.517E-01  8.406E-01  3.579E+01  1.73862E-05  2.50542E+01  1.475E+01
   3100      5.640  1.70E-03  1.533E-01  7.903E-01  3.579E+01  1.69010E-05  2.50449E+01  1.418E+01
   3200      5.804  1.59E-03  1.512E-01  9.679E-01  3.579E+01  1.64435E-05  2.50375E+01  1.517E+01
   3300      5.965  1.62E-03  1.498E-01  1.086E+00  3.579E+01  1.60135E-05  2.50302E+01  1.487E+01
   3400      6.105  1.44E-03  1.545E-01  1.251E+00  3.579E+01  1.56622E-05  2.50419E+01  1.681E+01
   3500      6.259  1.56E-03  1.583E-01  9.344E-01  3.579E+01  1.53073E-05  2.50743E+01  1.543E+01
   3600      6.404  1.28E-03  1.620E-01  1.600E+00  3.579E+01  1.49981E-05  2.51134E+01  1.881E+01
   3700      6.545  1.32E-03  1.635E-01  1.420E+00  3.579E+01  1.47127E-05  2.51265E+01  1.833E+01
   3800      6.700  1.73E-03  1.608E-01  9.461E-01  3.579E+01  1.44080E-05  2.51258E+01  1.398E+01
   3900      6.866  1.50E-03  1.651E-01  9.507E-01  3.579E+01  1.40960E-05  2.51373E+01  1.610E+01
   4000      7.009  1.59E-03  1.687E-01  8.424E-01  3.579E+01  1.38432E-05  2.51420E+01  1.518E+01
   4100      7.178  1.68E-03  1.697E-01  8.889E-01  3.579E+01  1.35712E-05  2.51342E+01  1.436E+01
   4200      7.342  1.54E-03  1.708E-01  9.981E-01  3.579E+01  1.33273E-05  2.51589E+01  1.573E+01
   4300      7.500  1.69E-03  1.725E-01  9.082E-01  3.579E+01  1.31025E-05  2.51718E+01  1.432E+01
   4400      7.666  1.74E-03  1.710E-01  1.006E+00  3.579E+01  1.28788E-05  2.51632E+01  1.384E+01
   4500      7.822  1.48E-03  1.749E-01  1.045E+00  3.579E+01  1.26790E-05  2.51733E+01  1.629E+01
   4600      7.981  1.64E-03  1.749E-01  1.003E+00  3.579E+01  1.24825E-05  2.52045E+01  1.474E+01
   4700      8.144  1.54E-03  1.741E-01  1.012E+00  3.579E+01  1.22912E-05  2.51886E+01  1.570E+01
   4800      8.300  1.53E-03  1.755E-01  9.200E-01  3.579E+01  1.21206E-05  2.52127E+01  1.580E+01
   4900      8.453  1.51E-03  1.738E-01  9.089E-01  3.579E+01  1.19573E-05  2.52476E+01  1.595E+01
   5000      8.618  1.58E-03  1.739E-01  9.257E-01  3.579E+01  1.17821E-05  2.52564E+01  1.532E+01
   5100      8.788  1.78E-03  1.743E-01  6.929E-01  3.579E+01  1.15951E-05  2.52410E+01  1.358E+01
   5200      8.948  1.53E-03  1.740E-01  9.399E-01  3.579E+01  1.14188E-05  2.52337E+01  1.578E+01
   5300      9.115  1.71E-03  1.766E-01  7.960E-01  3.579E+01  1.12425E-05  2.52691E+01  1.410E+01
   5400      9.281  1.61E-03  1.801E-01  7.826E-01  3.579E+01  1.10829E-05  2.52904E+01  1.499E+01
   5500      9.444  1.49E-03  1.801E-01  1.343E+00  3.579E+01  1.09419E-05  2.52851E+01  1.624E+01
   5600      9.588  1.48E-03  1.801E-01  1.264E+00  3.579E+01  1.08250E-05  2.52728E+01  1.632E+01
   5700      9.734  1.40E-03  1.796E-01  1.470E+00  3.579E+01  1.07038E-05  2.52595E+01  1.729E+01
   5800      9.888  1.65E-03  1.790E-01  8.963E-01  3.579E+01  1.05755E-05  2.52480E+01  1.459E+01
   5900     10.060  1.70E-03  1.800E-01  8.573E-01  3.579E+01  1.04409E-05  2.52524E+01  1.419E+01
   6000     10.226  1.60E-03  1.816E-01  1.128E+00  3.579E+01  1.03129E-05  2.52862E+01  1.506E+01
   6100     10.387  1.69E-03  1.785E-01  8.927E-01  3.579E+01  1.01989E-05  2.53022E+01  1.432E+01
   6200     10.554  1.51E-03  1.802E-01  1.365E+00  3.579E+01  1.00884E-05  2.52962E+01  1.600E+01
   6300     10.692  1.43E-03  1.841E-01  1.191E+00  3.579E+01  9.99949E-06  2.53347E+01  1.685E+01
   6400     10.853  1.58E-03  1.876E-01  9.310E-01  3.579E+01  9.90663E-06  2.53493E+01  1.531E+01
   6500     11.018  1.77E-03  1.880E-01  8.732E-01  3.579E+01  9.82039E-06  2.53471E+01  1.361E+01
   6600     11.187  1.68E-03  1.885E-01  9.672E-01  3.579E+01  9.72714E-06  2.53479E+01  1.433E+01
   6700     11.358  1.67E-03  1.908E-01  8.885E-01  3.579E+01  9.63676E-06  2.53672E+01  1.445E+01
   6800     11.516  1.66E-03  1.895E-01  1.024E+00  3.579E+01  9.55454E-06  2.53677E+01  1.450E+01
   6900     11.679  1.55E-03  1.926E-01  1.046E+00  3.579E+01  9.46946E-06  2.53527E+01  1.562E+01
   7000     11.834  1.63E-03  1.938E-01  8.936E-01  3.579E+01  9.39153E-06  2.53650E+01  1.481E+01
   7100     11.994  1.69E-03  1.931E-01  1.092E+00  3.579E+01  9.31005E-06  2.53875E+01  1.425E+01
   7200     12.146  1.35E-03  1.937E-01  1.558E+00  3.579E+01  9.23099E-06  2.54211E+01  1.796E+01
   7300     12.271  1.45E-03  1.907E-01  1.214E+00  3.579E+01  9.16834E-06  2.54336E+01  1.669E+01
   7400     12.417  1.48E-03  1.903E-01  1.106E+00  3.579E+01  9.10047E-06  2.54461E+01  1.628E+01
   7500     12.569  1.44E-03  1.943E-01  1.094E+00  3.579E+01  9.03908E-06  2.54401E+01  1.675E+01
   7600     12.714  1.33E-03  1.955E-01  1.473E+00  3.579E+01  8.98503E-06  2.54515E+01  1.822E+01
   7700     12.838  1.38E-03  1.972E-01  1.454E+00  3.579E+01  8.93533E-06  2.54678E+01  1.755E+01
   7800     12.993  1.63E-03  1.981E-01  1.093E+00  3.579E+01  8.87395E-06  2.54559E+01  1.478E+01
   7900     13.149  1.48E-03  1.976E-01  1.511E+00  3.579E+01  8.80623E-06  2.54721E+01  1.633E+01
   8000     13.304  1.69E-03  1.965E-01  9.869E-01  3.579E+01  8.74185E-06  2.54926E+01  1.430E+01
   8100     13.473  1.65E-03  1.929E-01  8.213E-01  3.579E+01  8.66962E-06  2.54770E+01  1.462E+01
   8200     13.639  1.63E-03  1.919E-01  9.087E-01  3.579E+01  8.60422E-06  2.54579E+01  1.483E+01
   8300     13.773  1.25E-03  1.930E-01  1.643E+00  3.579E+01  8.55125E-06  2.54550E+01  1.939E+01
   8400     13.921  1.53E-03  1.948E-01  1.167E+00  3.579E+01  8.49187E-06  2.54532E+01  1.576E+01
   8500     14.057  1.57E-03  1.944E-01  1.045E+00  3.579E+01  8.44298E-06  2.54438E+01  1.534E+01
   8600     14.219  1.66E-03  1.982E-01  1.130E+00  3.579E+01  8.38704E-06  2.54649E+01  1.452E+01
   8700     14.375  1.59E-03  1.995E-01  1.050E+00  3.579E+01  8.33375E-06  2.54936E+01  1.522E+01
   8800     14.536  1.55E-03  2.019E-01  1.161E+00  3.579E+01  8.28041E-06  2.55136E+01  1.562E+01
   8900     14.683  1.46E-03  2.035E-01  1.081E+00  3.579E+01  8.23249E-06  2.55196E+01  1.659E+01
   9000     14.832  1.53E-03  2.041E-01  9.828E-01  3.579E+01  8.18319E-06  2.55280E+01  1.574E+01
   9100     14.994  1.62E-03  2.023E-01  9.822E-01  3.579E+01  8.13312E-06  2.55174E+01  1.491E+01
   9200     15.152  1.63E-03  2.030E-01  8.821E-01  3.579E+01  8.09048E-06  2.55024E+01  1.482E+01
   9300     15.317  1.64E-03  1.980E-01  9.067E-01  3.579E+01  8.04101E-06  2.54945E+01  1.475E+01
   9400     15.471  1.55E-03  1.965E-01  9.422E-01  3.579E+01  7.98863E-06  2.54928E+01  1.556E+01
   9500     15.631  1.39E-03  1.975E-01  1.421E+00  3.579E+01  7.93429E-06  2.54990E+01  1.733E+01
   9600     15.775  1.65E-03  1.997E-01  1.010E+00  3.579E+01  7.89216E-06  2.55124E+01  1.464E+01
   9700     15.931  1.48E-03  1.984E-01  1.344E+00  3.579E+01  7.84924E-06  2.55292E+01  1.634E+01
   9800     16.075  1.39E-03  1.953E-01  1.514E+00  3.579E+01  7.80384E-06  2.55646E+01  1.740E+01
   9900     16.220  1.43E-03  1.958E-01  1.362E+00  3.579E+01  7.75664E-06  2.55917E+01  1.686E+01
  10000     16.377  1.59E-03  1.961E-01  9.296E-01  3.579E+01  7.70314E-06  2.56130E+01  1.516E+01
  10100     16.541  1.61E-03  1.956E-01  9.443E-01  3.579E+01  7.65674E-06  2.55790E+01  1.499E+01
  10200     16.691  1.46E-03  1.935E-01  1.262E+00  3.579E+01  7.62209E-06  2.55556E+01  1.657E+01
  10300     16.842  1.65E-03  1.972E-01  1.277E+00  3.579E+01  7.58436E-06  2.55586E+01  1.468E+01
  10400     17.000  1.42E-03  1.947E-01  1.217E+00  3.579E+01  7.54849E-06  2.55509E+01  1.706E+01
  10500     17.145  1.56E-03  1.938E-01  9.742E-01  3.579E+01  7.51174E-06  2.55562E+01  1.543E+01
  10600     17.306  1.69E-03  1.956E-01  9.310E-01  3.579E+01  7.47401E-06  2.55506E+01  1.433E+01
  10700     17.464  1.66E-03  1.940E-01  9.054E-01  3.579E+01  7.44407E-06  2.55202E+01  1.455E+01
  10800     17.623  1.49E-03  1.947E-01  1.156E+00  3.579E+01  7.41262E-06  2.54967E+01  1.619E+01
  10900     17.778  1.66E-03  1.981E-01  9.250E-01  3.579E+01  7.38715E-06  2.55310E+01  1.451E+01
  11000     17.935  1.64E-03  1.963E-01  9.695E-01  3.579E+01  7.36264E-06  2.55794E+01  1.476E+01
  11100     18.092  1.46E-03  1.953E-01  1.339E+00  3.579E+01  7.33887E-06  2.55952E+01  1.658E+01
  11200     18.238  1.58E-03  1.937E-01  1.126E+00  3.579E+01  7.31747E-06  2.56192E+01  1.532E+01
  11300     18.394  1.52E-03  1.954E-01  1.211E+00  3.579E+01  7.29403E-06  2.56597E+01  1.591E+01
  11400     18.550  1.65E-03  1.980E-01  9.286E-01  3.579E+01  7.26837E-06  2.56740E+01  1.465E+01
  11500     18.715  1.62E-03  1.996E-01  1.119E+00  3.579E+01  7.24423E-06  2.56689E+01  1.494E+01
  11600     18.871  1.70E-03  1.996E-01  1.000E+00  3.579E+01  7.22181E-06  2.56620E+01  1.420E+01
  11700     19.033  1.50E-03  1.968E-01  1.226E+00  3.579E+01  7.19686E-06  2.56587E+01  1.606E+01
  11800     19.186  1.64E-03  1.999E-01  1.167E+00  3.579E+01  7.16851E-06  2.56878E+01  1.468E+01
  11900     19.345  1.64E-03  2.012E-01  9.647E-01  3.579E+01  7.14034E-06  2.56813E+01  1.472E+01
  12000     19.500  1.65E-03  2.016E-01  9.296E-01  3.579E+01  7.11917E-06  2.56459E+01  1.464E+01
  12100     19.666  1.56E-03  2.020E-01  1.048E+00  3.579E+01  7.09833E-06  2.56178E+01  1.550E+01
  12200     19.824  1.50E-03  2.019E-01  1.009E+00  3.579E+01  7.07852E-06  2.55999E+01  1.610E+01
  12300     19.978  1.62E-03  2.055E-01  9.853E-01  3.579E+01  7.06291E-06  2.56019E+01  1.491E+01
  12400     20.146  1.69E-03  2.062E-01  1.037E+00  3.579E+01  7.04550E-06  2.56649E+01  1.430E+01
  12500     20.311  1.67E-03  2.053E-01  1.007E+00  3.579E+01  7.02610E-06  2.56960E+01  1.449E+01
  12600     20.478  1.67E-03  2.029E-01  1.023E+00  3.579E+01  7.00666E-06  2.56735E+01  1.449E+01
  12700     20.641  1.63E-03  2.019E-01  9.041E-01  3.579E+01  6.98892E-06  2.56549E+01  1.482E+01
  12800     20.801  1.57E-03  2.017E-01  1.013E+00  3.579E+01  6.97320E-06  2.56630E+01  1.538E+01
  12900     20.968  1.74E-03  2.022E-01  7.980E-01  3.579E+01  6.95538E-06  2.56390E+01  1.385E+01
  13000     21.134  1.62E-03  2.004E-01  9.001E-01  3.579E+01  6.93974E-06  2.55851E+01  1.490E+01
  13100     21.294  1.64E-03  2.017E-01  1.150E+00  3.579E+01  6.92160E-06  2.56033E+01  1.476E+01
  13200     21.430  1.23E-03  2.041E-01  1.780E+00  3.579E+01  6.90402E-06  2.56374E+01  1.961E+01
  13300     21.564  1.46E-03  2.056E-01  1.160E+00  3.579E+01  6.88402E-06  2.56581E+01  1.659E+01
  13400     21.728  1.62E-03  2.046E-01  1.428E+00  3.579E+01  6.85764E-06  2.56711E+01  1.494E+01
  13500     21.877  1.41E-03  2.052E-01  1.230E+00  3.579E+01  6.83764E-06  2.56883E+01  1.718E+01
  13600     22.031  1.60E-03  2.011E-01  8.761E-01  3.579E+01  6.82252E-06  2.56984E+01  1.506E+01
  13700     22.189  1.49E-03  1.985E-01  1.098E+00  3.579E+01  6.80565E-06  2.56826E+01  1.623E+01
  13800     22.337  1.40E-03  2.009E-01  1.454E+00  3.579E+01  6.78654E-06  2.56643E+01  1.731E+01
  13900     22.479  1.49E-03  2.019E-01  1.239E+00  3.579E+01  6.76928E-06  2.56552E+01  1.620E+01
  14000     22.627  1.41E-03  2.008E-01  1.521E+00  3.579E+01  6.75259E-06  2.56625E+01  1.714E+01
  14100     22.784  1.69E-03  2.004E-01  1.080E+00  3.579E+01  6.73277E-06  2.57114E+01  1.425E+01
  14200     22.954  1.66E-03  2.004E-01  1.117E+00  3.579E+01  6.70975E-06  2.57332E+01  1.450E+01
  14300     23.110  1.60E-03  1.986E-01  1.192E+00  3.579E+01  6.69130E-06  2.57166E+01  1.512E+01
  14400     23.272  1.67E-03  2.000E-01  8.905E-01  3.579E+01  6.67315E-06  2.56772E+01  1.445E+01
  14500     23.444  1.62E-03  1.987E-01  1.078E+00  3.579E+01  6.65397E-06  2.56123E+01  1.491E+01
  14600     23.605  1.64E-03  2.017E-01  1.100E+00  3.579E+01  6.64153E-06  2.55901E+01  1.468E+01
  14700     23.771  1.66E-03  2.002E-01  1.004E+00  3.579E+01  6.62425E-06  2.56354E+01  1.454E+01
  14800     23.932  1.45E-03  1.973E-01  1.261E+00  3.579E+01  6.60041E-06  2.56920E+01  1.668E+01
  14900     24.080  1.54E-03  1.961E-01  1.108E+00  3.579E+01  6.57987E-06  2.57158E+01  1.564E+01
  15000     24.236  1.59E-03  1.977E-01  9.676E-01  3.579E+01  6.55817E-06  2.57141E+01  1.517E+01
  15100     24.392  1.62E-03  1.962E-01  9.722E-01  3.579E+01  6.53868E-06  2.57058E+01  1.488E+01
  15200     24.545  1.48E-03  1.961E-01  1.166E+00  3.579E+01  6.51852E-06  2.57037E+01  1.631E+01
  15300     24.704  1.68E-03  1.981E-01  1.221E+00  3.579E+01  6.50103E-06  2.56866E+01  1.438E+01
  15400     24.869  1.66E-03  1.965E-01  1.177E+00  3.579E+01  6.48644E-06  2.56516E+01  1.451E+01
  15500     25.026  1.49E-03  1.989E-01  1.203E+00  3.579E+01  6.47438E-06  2.56354E+01  1.616E+01
  15600     25.176  1.52E-03  1.970E-01  1.053E+00  3.579E+01  6.45897E-06  2.56701E+01  1.588E+01
  15700     25.317  1.56E-03  1.984E-01  9.025E-01  3.579E+01  6.44305E-06  2.56963E+01  1.551E+01
  15800     25.476  1.62E-03  2.006E-01  1.035E+00  3.579E+01  6.42541E-06  2.57196E+01  1.495E+01
  15900     25.639  1.55E-03  2.022E-01  1.093E+00  3.579E+01  6.41126E-06  2.57286E+01  1.553E+01
  16000     25.779  1.48E-03  2.028E-01  1.042E+00  3.579E+01  6.40174E-06  2.57152E+01  1.629E+01
  16100     25.934  1.58E-03  2.035E-01  1.104E+00  3.579E+01  6.38718E-06  2.57021E+01  1.532E+01
  16200     26.100  1.61E-03  2.016E-01  9.840E-01  3.579E+01  6.37706E-06  2.56724E+01  1.499E+01
  16300     26.268  1.67E-03  1.982E-01  1.152E+00  3.579E+01  6.36471E-06  2.56617E+01  1.448E+01
  16400     26.424  1.55E-03  1.979E-01  1.069E+00  3.579E+01  6.35170E-06  2.56683E+01  1.557E+01
  16500     26.577  1.47E-03  1.987E-01  1.623E+00  3.579E+01  6.33892E-06  2.56474E+01  1.648E+01
  16600     26.711  1.49E-03  2.007E-01  1.069E+00  3.579E+01  6.33077E-06  2.56378E+01  1.621E+01
  16700     26.863  1.44E-03  2.004E-01  1.225E+00  3.579E+01  6.32107E-06  2.56534E+01  1.677E+01
  16800     27.017  1.58E-03  1.987E-01  1.177E+00  3.579E+01  6.30997E-06  2.56668E+01  1.526E+01
  16900     27.173  1.67E-03  1.989E-01  1.083E+00  3.579E+01  6.29744E-06  2.56916E+01  1.444E+01
  17000     27.342  1.67E-03  2.003E-01  9.375E-01  3.579E+01  6.28410E-06  2.57101E+01  1.450E+01
  17100     27.510  1.65E-03  1.997E-01  1.315E+00  3.579E+01  6.27920E-06  2.57301E+01  1.460E+01
  17200     27.667  1.43E-03  1.961E-01  1.205E+00  3.579E+01  6.27121E-06  2.57418E+01  1.693E+01
  17300     27.810  1.51E-03  1.983E-01  1.335E+00  3.579E+01  6.26431E-06  2.57347E+01  1.594E+01
  17400     27.968  1.55E-03  2.002E-01  8.913E-01  3.579E+01  6.26033E-06  2.57131E+01  1.561E+01
  17500     28.124  1.39E-03  2.020E-01  1.156E+00  3.579E+01  6.25497E-06  2.57192E+01  1.732E+01
  17600     28.287  1.63E-03  2.026E-01  1.050E+00  3.579E+01  6.24790E-06  2.56875E+01  1.481E+01
  17700     28.447  1.66E-03  2.048E-01  1.055E+00  3.579E+01  6.24156E-06  2.56824E+01  1.455E+01
  17800     28.596  1.16E-03  2.047E-01  2.009E+00  3.579E+01  6.23984E-06  2.57122E+01  2.085E+01
  17900     28.723  1.46E-03  2.037E-01  1.275E+00  3.579E+01  6.23973E-06  2.57165E+01  1.657E+01
  18000     28.876  1.57E-03  1.998E-01  1.117E+00  3.579E+01  6.23448E-06  2.57125E+01  1.543E+01
  18100     29.034  1.62E-03  1.966E-01  9.788E-01  3.579E+01  6.22786E-06  2.56901E+01  1.487E+01
  18200     29.176  1.48E-03  1.945E-01  1.218E+00  3.579E+01  6.21866E-06  2.56637E+01  1.631E+01
  18300     29.326  1.57E-03  1.949E-01  1.090E+00  3.579E+01  6.20765E-06  2.56675E+01  1.537E+01
  18400     29.470  1.54E-03  1.934E-01  1.160E+00  3.579E+01  6.19483E-06  2.56828E+01  1.570E+01
  18500     29.623  1.60E-03  1.968E-01  1.256E+00  3.579E+01  6.18280E-06  2.56934E+01  1.509E+01
  18600     29.785  1.45E-03  1.951E-01  1.274E+00  3.579E+01  6.16984E-06  2.56961E+01  1.660E+01
  18700     29.931  1.37E-03  1.967E-01  1.478E+00  3.579E+01  6.15792E-06  2.57123E+01  1.765E+01
  18800     30.070  1.47E-03  1.980E-01  1.296E+00  3.579E+01  6.14690E-06  2.57434E+01  1.639E+01
  18900     30.215  1.39E-03  1.997E-01  1.498E+00  3.579E+01  6.13467E-06  2.57510E+01  1.742E+01
  19000     30.362  1.56E-03  2.005E-01  1.171E+00  3.579E+01  6.12318E-06  2.57383E+01  1.550E+01
  19100     30.531  1.72E-03  1.977E-01  1.130E+00  3.579E+01  6.10967E-06  2.57154E+01  1.402E+01
  19200     30.702  1.68E-03  1.965E-01  1.088E+00  3.579E+01  6.09670E-06  2.56896E+01  1.434E+01
  19300     30.870  1.65E-03  1.968E-01  9.902E-01  3.579E+01  6.08110E-06  2.56655E+01  1.464E+01
  19400     31.033  1.66E-03  1.977E-01  1.086E+00  3.579E+01  6.06598E-06  2.56579E+01  1.453E+01
  19500     31.178  1.46E-03  1.976E-01  1.156E+00  3.579E+01  6.05375E-06  2.56965E+01  1.659E+01
  19600     31.326  1.52E-03  1.986E-01  1.184E+00  3.579E+01  6.04013E-06  2.57183E+01  1.593E+01
  19700     31.470  1.48E-03  2.014E-01  1.040E+00  3.579E+01  6.03044E-06  2.57111E+01  1.636E+01
  19800     31.626  1.58E-03  2.025E-01  1.188E+00  3.579E+01  6.02020E-06  2.56931E+01  1.525E+01
  19900     31.790  1.67E-03  2.010E-01  1.197E+00  3.579E+01  6.01240E-06  2.56669E+01  1.443E+01
  20000     31.946  1.60E-03  1.991E-01  1.146E+00  3.579E+01  6.00000E-06  2.56794E+01  1.507E+01
  20100     32.112  1.72E-03  1.985E-01  1.083E+00  3.579E+01  5.98377E-06  2.57002E+01  1.402E+01
  20200     32.272  1.47E-03  1.975E-01  1.292E+00  3.579E+01  5.97065E-06  2.56808E+01  1.647E+01
  20300     32.425  1.57E-03  1.988E-01  1.346E+00  3.579E+01  5.95871E-06  2.56923E+01  1.534E+01
  20400     32.584  1.67E-03  1.992E-01  1.321E+00  3.579E+01  5.94968E-06  2.57188E+01  1.450E+01
  20500     32.743  1.56E-03  1.993E-01  1.246E+00  3.579E+01  5.94209E-06  2.57022E+01  1.548E+01
  20600     32.883  1.26E-03  1.996E-01  1.696E+00  3.579E+01  5.93509E-06  2.56819E+01  1.920E+01
  20700     33.032  1.65E-03  1.979E-01  1.222E+00  3.579E+01  5.92788E-06  2.56923E+01  1.461E+01
  20800     33.193  1.64E-03  2.018E-01  1.099E+00  3.579E+01  5.91876E-06  2.57071E+01  1.472E+01
  20900     33.333  1.43E-03  2.073E-01  1.303E+00  3.579E+01  5.90773E-06  2.57328E+01  1.687E+01
  21000     33.467  1.39E-03  2.063E-01  1.285E+00  3.579E+01  5.89843E-06  2.57381E+01  1.744E+01
  21100     33.623  1.64E-03  2.075E-01  1.118E+00  3.579E+01  5.88973E-06  2.56972E+01  1.470E+01
  21200     33.781  1.63E-03  2.092E-01  1.384E+00  3.579E+01  5.88260E-06  2.56831E+01  1.485E+01
  21300     33.935  1.48E-03  2.114E-01  1.190E+00  3.579E+01  5.87583E-06  2.57146E+01  1.630E+01
  21400     34.083  1.44E-03  2.132E-01  1.067E+00  3.579E+01  5.87073E-06  2.57273E+01  1.674E+01
  21500     34.244  1.69E-03  2.127E-01  1.167E+00  3.579E+01  5.86692E-06  2.57169E+01  1.431E+01
  21600     34.402  1.43E-03  2.103E-01  1.366E+00  3.579E+01  5.86346E-06  2.57017E+01  1.689E+01
  21700     34.547  1.55E-03  2.055E-01  1.194E+00  3.579E+01  5.85849E-06  2.57056E+01  1.554E+01
  21800     34.693  1.63E-03  2.057E-01  1.102E+00  3.578E+01  5.85247E-06  2.56875E+01  1.480E+01
  21900     34.856  1.60E-03  2.025E-01  1.313E+00  3.579E+01  5.84735E-06  2.56672E+01  1.513E+01
  22000     35.016  1.59E-03  2.042E-01  1.313E+00  3.579E+01  5.83859E-06  2.56635E+01  1.522E+01
  22100     35.167  1.53E-03  2.049E-01  1.185E+00  3.578E+01  5.83119E-06  2.56624E+01  1.576E+01
  22200     35.313  1.47E-03  2.042E-01  1.296E+00  3.578E+01  5.82305E-06  2.56584E+01  1.648E+01
  22300     35.462  1.56E-03  2.055E-01  1.181E+00  3.578E+01  5.81575E-06  2.56797E+01  1.548E+01
  22400     35.605  1.58E-03  2.063E-01  1.054E+00  3.578E+01  5.81192E-06  2.57302E+01  1.533E+01
  22500     35.764  1.65E-03  2.057E-01  1.462E+00  3.579E+01  5.80717E-06  2.57663E+01  1.463E+01
  22600     35.918  1.65E-03  2.050E-01  1.025E+00  3.579E+01  5.80174E-06  2.57445E+01  1.463E+01
  22700     36.072  1.47E-03  2.047E-01  1.188E+00  3.579E+01  5.79452E-06  2.57368E+01  1.643E+01
  22800     36.228  1.54E-03  2.069E-01  1.113E+00  3.579E+01  5.78745E-06  2.57408E+01  1.569E+01
  22900     36.386  1.50E-03  2.094E-01  1.081E+00  3.579E+01  5.78089E-06  2.57441E+01  1.607E+01
  23000     36.544  1.60E-03  2.120E-01  1.177E+00  3.579E+01  5.77630E-06  2.57388E+01  1.513E+01
  23100     36.706  1.67E-03  2.148E-01  1.137E+00  3.579E+01  5.77730E-06  2.57352E+01  1.443E+01
  23200     36.875  1.71E-03  2.133E-01  9.630E-01  3.579E+01  5.78516E-06  2.57503E+01  1.413E+01
  23300     37.023  1.54E-03  2.100E-01  9.217E-01  3.579E+01  5.79147E-06  2.57318E+01  1.569E+01
  23400     37.182  1.63E-03  2.097E-01  1.029E+00  3.579E+01  5.79801E-06  2.57280E+01  1.482E+01
  23500     37.347  1.65E-03  2.089E-01  1.385E+00  3.579E+01  5.80329E-06  2.57161E+01  1.461E+01
  23600     37.511  1.55E-03  2.113E-01  1.110E+00  3.578E+01  5.80829E-06  2.56855E+01  1.563E+01
  23700     37.668  1.61E-03  2.111E-01  1.375E+00  3.578E+01  5.81354E-06  2.56777E+01  1.501E+01
  23800     37.827  1.52E-03  2.112E-01  1.469E+00  3.578E+01  5.81585E-06  2.56687E+01  1.585E+01
  23900     37.984  1.63E-03  2.124E-01  9.735E-01  3.578E+01  5.81534E-06  2.56969E+01  1.481E+01
  24000     38.147  1.50E-03  2.103E-01  1.309E+00  3.578E+01  5.80913E-06  2.57168E+01  1.613E+01
  24100     38.298  1.53E-03  2.098E-01  1.267E+00  3.578E+01  5.80371E-06  2.57306E+01  1.582E+01
  24200     38.449  1.59E-03  2.111E-01  1.408E+00  3.578E+01  5.79772E-06  2.57596E+01  1.515E+01
  24300     38.598  1.43E-03  2.117E-01  1.233E+00  3.578E+01  5.79367E-06  2.57723E+01  1.695E+01
  24400     38.752  1.45E-03  2.114E-01  1.092E+00  3.578E+01  5.78925E-06  2.57729E+01  1.670E+01
  24500     38.903  1.59E-03  2.112E-01  1.208E+00  3.578E+01  5.78433E-06  2.57884E+01  1.519E+01
  24600     39.062  1.64E-03  2.114E-01  1.725E+00  3.578E+01  5.77912E-06  2.58094E+01  1.470E+01
  24700     39.232  1.74E-03  2.117E-01  1.293E+00  3.578E+01  5.77544E-06  2.57762E+01  1.389E+01
  24800     39.397  1.52E-03  2.113E-01  1.025E+00  3.578E+01  5.77176E-06  2.57454E+01  1.592E+01
  24900     39.550  1.43E-03  2.093E-01  1.149E+00  3.578E+01  5.76773E-06  2.57457E+01  1.684E+01
  25000     39.699  1.61E-03  2.091E-01  1.045E+00  3.578E+01  5.76643E-06  2.57426E+01  1.496E+01
  25100     39.859  1.50E-03  2.111E-01  1.166E+00  3.578E+01  5.76830E-06  2.57156E+01  1.611E+01
  25200     40.016  1.56E-03  2.116E-01  1.065E+00  3.579E+01  5.76981E-06  2.57074E+01  1.545E+01
  25300     40.180  1.71E-03  2.122E-01  8.097E-01  3.578E+01  5.77086E-06  2.56970E+01  1.409E+01
  25400     40.337  1.59E-03  2.152E-01  1.078E+00  3.578E+01  5.76860E-06  2.56869E+01  1.520E+01
  25500     40.504  1.66E-03  2.135E-01  1.063E+00  3.578E+01  5.75990E-06  2.57117E+01  1.456E+01
  25600     40.667  1.60E-03  2.101E-01  1.260E+00  3.578E+01  5.75039E-06  2.56904E+01  1.505E+01
  25700     40.822  1.58E-03  2.096E-01  9.880E-01  3.578E+01  5.74407E-06  2.56695E+01  1.527E+01
  25800     40.983  1.54E-03  2.103E-01  1.105E+00  3.578E+01  5.73994E-06  2.56940E+01  1.572E+01
  25900     41.130  1.44E-03  2.112E-01  1.457E+00  3.578E+01  5.73499E-06  2.57554E+01  1.682E+01
  26000     41.273  1.48E-03  2.098E-01  1.325E+00  3.578E+01  5.72812E-06  2.58204E+01  1.629E+01
  26100     41.434  1.63E-03  2.086E-01  1.144E+00  3.578E+01  5.71469E-06  2.58200E+01  1.486E+01
  26200     41.579  1.39E-03  2.103E-01  1.258E+00  3.578E+01  5.70112E-06  2.57894E+01  1.743E+01
  26300     41.717  1.48E-03  2.120E-01  1.080E+00  3.578E+01  5.69158E-06  2.57764E+01  1.633E+01
  26400     41.882  1.69E-03  2.119E-01  1.419E+00  3.578E+01  5.68191E-06  2.57595E+01  1.425E+01
  26500     42.035  1.46E-03  2.091E-01  1.510E+00  3.578E+01  5.67289E-06  2.57608E+01  1.654E+01
  26600     42.186  1.58E-03  2.089E-01  1.172E+00  3.578E+01  5.66011E-06  2.57558E+01  1.529E+01
  26700     42.336  1.52E-03  2.082E-01  1.143E+00  3.578E+01  5.65018E-06  2.57665E+01  1.584E+01
  26800     42.493  1.52E-03  2.066E-01  1.277E+00  3.578E+01  5.63849E-06  2.57820E+01  1.589E+01
  26900     42.647  1.62E-03  2.065E-01  1.234E+00  3.578E+01  5.62353E-06  2.57971E+01  1.487E+01
  27000     42.813  1.70E-03  2.073E-01  1.266E+00  3.578E+01  5.60914E-06  2.57944E+01  1.419E+01
  27100     42.976  1.56E-03  2.076E-01  1.082E+00  3.578E+01  5.59639E-06  2.57793E+01  1.551E+01
  27200     43.146  1.65E-03  2.066E-01  1.032E+00  3.578E+01  5.58644E-06  2.57475E+01  1.460E+01
  27300     43.300  1.43E-03  2.097E-01  1.290E+00  3.578E+01  5.57578E-06  2.57447E+01  1.691E+01
  27400     43.454  1.62E-03  2.094E-01  9.497E-01  3.578E+01  5.56596E-06  2.57578E+01  1.492E+01
  27500     43.617  1.60E-03  2.103E-01  1.131E+00  3.578E+01  5.55622E-06  2.57358E+01  1.511E+01
  27600     43.773  1.51E-03  2.091E-01  1.169E+00  3.578E+01  5.54515E-06  2.57258E+01  1.599E+01
  27700     43.931  1.45E-03  2.074E-01  1.529E+00  3.578E+01  5.53482E-06  2.57191E+01  1.661E+01
  27800     44.088  1.62E-03  2.108E-01  1.197E+00  3.578E+01  5.52574E-06  2.57351E+01  1.490E+01
  27900     44.249  1.46E-03  2.122E-01  1.349E+00  3.578E+01  5.51554E-06  2.57734E+01  1.655E+01
  28000     44.393  1.35E-03  2.101E-01  1.304E+00  3.578E+01  5.50594E-06  2.57847E+01  1.783E+01
  28100     44.546  1.56E-03  2.068E-01  1.314E+00  3.578E+01  5.49613E-06  2.57852E+01  1.552E+01
  28200     44.697  1.54E-03  2.092E-01  1.115E+00  3.578E+01  5.48768E-06  2.57907E+01  1.565E+01
  28300     44.860  1.70E-03  2.106E-01  9.489E-01  3.578E+01  5.47818E-06  2.57794E+01  1.417E+01
  28400     45.026  1.56E-03  2.108E-01  1.075E+00  3.578E+01  5.46944E-06  2.57717E+01  1.551E+01
  28500     45.190  1.67E-03  2.146E-01  1.244E+00  3.578E+01  5.46092E-06  2.57591E+01  1.448E+01
  28600     45.348  1.61E-03  2.153E-01  1.130E+00  3.578E+01  5.45296E-06  2.57131E+01  1.496E+01
  28700     45.505  1.49E-03  2.160E-01  1.231E+00  3.578E+01  5.44606E-06  2.57015E+01  1.620E+01
  28800     45.658  1.38E-03  2.175E-01  1.628E+00  3.578E+01  5.43784E-06  2.57252E+01  1.755E+01
  28900     45.785  1.39E-03  2.206E-01  1.326E+00  3.578E+01  5.43203E-06  2.57451E+01  1.732E+01
  29000     45.946  1.62E-03  2.207E-01  1.065E+00  3.578E+01  5.42712E-06  2.57534E+01  1.487E+01
  29100     46.100  1.53E-03  2.191E-01  1.037E+00  3.578E+01  5.42041E-06  2.57510E+01  1.576E+01
  29200     46.238  1.22E-03  2.183E-01  2.100E+00  3.578E+01  5.41386E-06  2.57308E+01  1.980E+01
  29300     46.365  1.34E-03  2.191E-01  1.409E+00  3.578E+01  5.40774E-06  2.57290E+01  1.806E+01
  29400     46.514  1.62E-03  2.172E-01  1.061E+00  3.578E+01  5.39977E-06  2.57448E+01  1.494E+01
  29500     46.669  1.56E-03  2.155E-01  1.142E+00  3.578E+01  5.39485E-06  2.57521E+01  1.549E+01
  29600     46.824  1.56E-03  2.172E-01  9.833E-01  3.578E+01  5.38973E-06  2.57584E+01  1.547E+01
  29700     46.979  1.52E-03  2.165E-01  1.213E+00  3.578E+01  5.38022E-06  2.57681E+01  1.589E+01
  29800     47.135  1.69E-03  2.133E-01  8.863E-01  3.578E+01  5.37165E-06  2.57783E+01  1.430E+01
  29900     47.298  1.65E-03  2.116E-01  1.077E+00  3.578E+01  5.36304E-06  2.57964E+01  1.459E+01
  30000     47.466  1.77E-03  2.109E-01  1.107E+00  3.578E+01  5.35327E-06  2.57980E+01  1.361E+01
  30100     47.636  1.69E-03  2.108E-01  9.639E-01  3.578E+01  5.34260E-06  2.57815E+01  1.428E+01
  30200     47.804  1.72E-03  2.108E-01  9.959E-01  3.578E+01  5.33420E-06  2.57355E+01  1.403E+01
  30300     47.972  1.55E-03  2.121E-01  9.789E-01  3.578E+01  5.32510E-06  2.56878E+01  1.561E+01
  30400     48.123  1.49E-03  2.158E-01  1.021E+00  3.578E+01  5.31521E-06  2.56836E+01  1.626E+01
  30500     48.278  1.44E-03  2.170E-01  1.289E+00  3.578E+01  5.30458E-06  2.57260E+01  1.673E+01
  30600     48.430  1.60E-03  2.147E-01  1.008E+00  3.578E+01  5.29465E-06  2.57555E+01  1.506E+01
  30700     48.578  1.40E-03  2.168E-01  1.193E+00  3.578E+01  5.28515E-06  2.57407E+01  1.722E+01
  30800     48.729  1.61E-03  2.187E-01  1.121E+00  3.578E+01  5.27555E-06  2.57186E+01  1.504E+01
  30900     48.892  1.40E-03  2.168E-01  1.712E+00  3.578E+01  5.26615E-06  2.56943E+01  1.728E+01
  31000     49.011  1.26E-03  2.141E-01  1.736E+00  3.578E+01  5.25849E-06  2.56954E+01  1.922E+01
  31100     49.154  1.52E-03  2.139E-01  1.230E+00  3.578E+01  5.24812E-06  2.56970E+01  1.587E+01
  31200     49.313  1.58E-03  2.124E-01  1.275E+00  3.578E+01  5.23749E-06  2.56962E+01  1.524E+01
  31300     49.468  1.60E-03  2.140E-01  1.166E+00  3.578E+01  5.22841E-06  2.57044E+01  1.511E+01
  31400     49.626  1.59E-03  2.154E-01  1.518E+00  3.578E+01  5.22309E-06  2.57371E+01  1.523E+01
  31500     49.782  1.62E-03  2.155E-01  1.175E+00  3.578E+01  5.21760E-06  2.57434E+01  1.489E+01
  31600     49.939  1.65E-03  2.136E-01  1.094E+00  3.578E+01  5.20770E-06  2.57410E+01  1.466E+01
  31700     50.106  1.62E-03  2.149E-01  9.236E-01  3.578E+01  5.19731E-06  2.57604E+01  1.490E+01
  31800     50.268  1.54E-03  2.147E-01  1.036E+00  3.578E+01  5.18743E-06  2.57861E+01  1.567E+01
  31900     50.423  1.53E-03  2.170E-01  1.052E+00  3.578E+01  5.17624E-06  2.58011E+01  1.580E+01
  32000     50.586  1.59E-03  2.154E-01  1.228E+00  3.578E+01  5.16565E-06  2.57892E+01  1.518E+01
  32100     50.731  1.23E-03  2.155E-01  1.875E+00  3.578E+01  5.15417E-06  2.57767E+01  1.959E+01
  32200     50.869  1.49E-03  2.145E-01  1.529E+00  3.578E+01  5.14543E-06  2.57700E+01  1.623E+01
  32300     51.018  1.49E-03  2.142E-01  1.182E+00  3.578E+01  5.13661E-06  2.57585E+01  1.616E+01
  32400     51.160  1.51E-03  2.146E-01  1.284E+00  3.578E+01  5.12906E-06  2.57509E+01  1.601E+01
  32500     51.327  1.60E-03  2.116E-01  1.024E+00  3.578E+01  5.12502E-06  2.57428E+01  1.512E+01
  32600     51.490  1.64E-03  2.093E-01  1.332E+00  3.578E+01  5.11626E-06  2.57468E+01  1.473E+01
  32700     51.656  1.77E-03  2.108E-01  9.417E-01  3.578E+01  5.10621E-06  2.57327E+01  1.367E+01
  32800     51.827  1.70E-03  2.119E-01  1.064E+00  3.578E+01  5.09891E-06  2.57063E+01  1.423E+01
  32900     51.989  1.63E-03  2.114E-01  1.351E+00  3.578E+01  5.09219E-06  2.57045E+01  1.478E+01
  33000     52.158  1.64E-03  2.140E-01  9.934E-01  3.578E+01  5.08753E-06  2.56781E+01  1.474E+01
  33100     52.316  1.40E-03  2.161E-01  1.508E+00  3.578E+01  5.08225E-06  2.56795E+01  1.729E+01
  33200     52.456  1.54E-03  2.163E-01  1.185E+00  3.578E+01  5.07472E-06  2.56801E+01  1.565E+01
  33300     52.619  1.56E-03  2.177E-01  1.249E+00  3.578E+01  5.06623E-06  2.56910E+01  1.548E+01
  33400     52.778  1.58E-03  2.152E-01  1.280E+00  3.578E+01  5.06024E-06  2.57192E+01  1.530E+01
  33500     52.934  1.58E-03  2.138E-01  1.511E+00  3.578E+01  5.05629E-06  2.57633E+01  1.533E+01
  33600     53.082  1.49E-03  2.126E-01  1.129E+00  3.578E+01  5.05503E-06  2.57733E+01  1.623E+01
  33700     53.232  1.56E-03  2.112E-01  1.054E+00  3.578E+01  5.05636E-06  2.57400E+01  1.547E+01
  33800     53.394  1.59E-03  2.085E-01  1.117E+00  3.578E+01  5.05876E-06  2.57180E+01  1.518E+01
  33900     53.549  1.59E-03  2.064E-01  1.031E+00  3.578E+01  5.05851E-06  2.57129E+01  1.516E+01
  34000     53.703  1.56E-03  2.098E-01  1.301E+00  3.578E+01  5.05914E-06  2.57082E+01  1.547E+01
  34100     53.855  1.49E-03  2.098E-01  1.126E+00  3.578E+01  5.05842E-06  2.57110E+01  1.624E+01
  34200     54.010  1.38E-03  2.125E-01  1.531E+00  3.578E+01  5.05190E-06  2.57222E+01  1.754E+01
  34300     54.152  1.52E-03  2.137E-01  1.361E+00  3.578E+01  5.04608E-06  2.57447E+01  1.591E+01
  34400     54.304  1.49E-03  2.130E-01  1.174E+00  3.578E+01  5.04213E-06  2.57552E+01  1.619E+01
  34500     54.462  1.70E-03  2.138E-01  1.086E+00  3.578E+01  5.03552E-06  2.57568E+01  1.420E+01
  34600     54.637  1.68E-03  2.143E-01  1.090E+00  3.578E+01  5.03135E-06  2.57585E+01  1.441E+01
  34700     54.790  1.60E-03  2.126E-01  1.013E+00  3.578E+01  5.03086E-06  2.57780E+01  1.509E+01
  34800     54.958  1.77E-03  2.156E-01  1.085E+00  3.578E+01  5.02946E-06  2.57735E+01  1.366E+01
  34900     55.118  1.53E-03  2.181E-01  1.342E+00  3.578E+01  5.02927E-06  2.57585E+01  1.581E+01
  35000     55.277  1.59E-03  2.147E-01  1.087E+00  3.578E+01  5.02868E-06  2.57841E+01  1.519E+01
  35100     55.435  1.48E-03  2.136E-01  1.176E+00  3.578E+01  5.02856E-06  2.58094E+01  1.628E+01
  35200     55.584  1.54E-03  2.125E-01  1.165E+00  3.578E+01  5.02776E-06  2.57971E+01  1.563E+01
  35300     55.740  1.51E-03  2.155E-01  1.203E+00  3.578E+01  5.02323E-06  2.57949E+01  1.601E+01
  35400     55.904  1.70E-03  2.149E-01  1.019E+00  3.578E+01  5.01759E-06  2.57904E+01  1.421E+01
  35500     56.064  1.57E-03  2.144E-01  1.055E+00  3.578E+01  5.01203E-06  2.57880E+01  1.540E+01
  35600     56.226  1.61E-03  2.151E-01  9.936E-01  3.578E+01  5.00611E-06  2.57973E+01  1.503E+01
  35700     56.371  1.43E-03  2.106E-01  1.103E+00  3.578E+01  5.00168E-06  2.58018E+01  1.690E+01
  35800     56.532  1.76E-03  2.106E-01  9.895E-01  3.578E+01  4.99722E-06  2.57776E+01  1.374E+01
  35900     56.706  1.56E-03  2.128E-01  1.008E+00  3.578E+01  4.99591E-06  2.57461E+01  1.547E+01
  36000     56.864  1.53E-03  2.105E-01  1.160E+00  3.578E+01  4.99592E-06  2.57103E+01  1.578E+01
  36100     57.015  1.49E-03  2.094E-01  9.885E-01  3.578E+01  4.99371E-06  2.56983E+01  1.626E+01
  36200     57.184  1.70E-03  2.096E-01  1.014E+00  3.578E+01  4.98913E-06  2.57015E+01  1.422E+01
  36300     57.349  1.53E-03  2.095E-01  1.156E+00  3.578E+01  4.98192E-06  2.57179E+01  1.583E+01
  36400     57.497  1.54E-03  2.109E-01  1.008E+00  3.578E+01  4.97790E-06  2.57135E+01  1.570E+01
  36500     57.658  1.40E-03  2.104E-01  1.423E+00  3.578E+01  4.97381E-06  2.57051E+01  1.727E+01
  36600     57.820  1.76E-03  2.116E-01  9.869E-01  3.578E+01  4.96985E-06  2.56996E+01  1.369E+01
  36700     57.993  1.70E-03  2.102E-01  9.691E-01  3.578E+01  4.96419E-06  2.57002E+01  1.423E+01
  36800     58.156  1.51E-03  2.088E-01  1.069E+00  3.578E+01  4.95829E-06  2.57254E+01  1.596E+01
  36900     58.309  1.40E-03  2.094E-01  1.583E+00  3.578E+01  4.95006E-06  2.57460E+01  1.727E+01
  37000     58.445  1.47E-03  2.129E-01  1.069E+00  3.578E+01  4.94387E-06  2.57806E+01  1.645E+01
  37100     58.607  1.57E-03  2.182E-01  1.427E+00  3.578E+01  4.93906E-06  2.57853E+01  1.542E+01
  37200     58.755  1.56E-03  2.181E-01  1.294E+00  3.578E+01  4.93606E-06  2.57853E+01  1.550E+01
  37300     58.901  1.46E-03  2.210E-01  1.176E+00  3.578E+01  4.93243E-06  2.57982E+01  1.651E+01
  37400     59.052  1.54E-03  2.237E-01  1.225E+00  3.578E+01  4.92750E-06  2.57865E+01  1.564E+01
  37500     59.184  1.27E-03  2.231E-01  1.516E+00  3.578E+01  4.92371E-06  2.57824E+01  1.900E+01
  37600     59.333  1.59E-03  2.251E-01  1.054E+00  3.578E+01  4.91916E-06  2.57825E+01  1.523E+01
  37700     59.480  1.49E-03  2.260E-01  1.250E+00  3.578E+01  4.91627E-06  2.57750E+01  1.624E+01
  37800     59.631  1.48E-03  2.238E-01  1.120E+00  3.578E+01  4.91448E-06  2.57967E+01  1.629E+01
  37900     59.783  1.55E-03  2.226E-01  1.006E+00  3.578E+01  4.91481E-06  2.58113E+01  1.561E+01
  38000     59.942  1.51E-03  2.214E-01  1.094E+00  3.578E+01  4.91210E-06  2.57869E+01  1.601E+01
  38100     60.097  1.49E-03  2.219E-01  1.190E+00  3.578E+01  4.90941E-06  2.57676E+01  1.617E+01
  38200     60.242  1.45E-03  2.184E-01  1.264E+00  3.578E+01  4.90649E-06  2.57562E+01  1.671E+01
  38300     60.399  1.60E-03  2.166E-01  1.102E+00  3.578E+01  4.90373E-06  2.57287E+01  1.511E+01
  38400     60.553  1.49E-03  2.196E-01  1.031E+00  3.578E+01  4.90290E-06  2.57165E+01  1.616E+01
  38500     60.712  1.57E-03  2.190E-01  1.131E+00  3.578E+01  4.90055E-06  2.56933E+01  1.540E+01
  38600     60.877  1.51E-03  2.186E-01  1.137E+00  3.578E+01  4.89926E-06  2.56684E+01  1.599E+01
  38700     61.036  1.64E-03  2.214E-01  9.316E-01  3.578E+01  4.89689E-06  2.56951E+01  1.472E+01
  38800     61.205  1.68E-03  2.216E-01  1.186E+00  3.578E+01  4.89237E-06  2.57104E+01  1.438E+01
  38900     61.357  1.45E-03  2.220E-01  1.121E+00  3.578E+01  4.88806E-06  2.57091E+01  1.661E+01
  39000     61.514  1.54E-03  2.240E-01  1.031E+00  3.578E+01  4.88494E-06  2.57204E+01  1.569E+01
  39100     61.669  1.50E-03  2.229E-01  1.024E+00  3.578E+01  4.87961E-06  2.57417E+01  1.610E+01
  39200     61.828  1.58E-03  2.221E-01  1.095E+00  3.578E+01  4.87218E-06  2.57537E+01  1.524E+01
  39300     61.984  1.47E-03  2.241E-01  1.149E+00  3.578E+01  4.86793E-06  2.57461E+01  1.648E+01
  39400     62.128  1.39E-03  2.222E-01  1.428E+00  3.578E+01  4.86481E-06  2.57312E+01  1.739E+01
  39500     62.280  1.47E-03  2.182E-01  1.430E+00  3.578E+01  4.86180E-06  2.57089E+01  1.644E+01
  39600     62.427  1.51E-03  2.203E-01  1.251E+00  3.578E+01  4.85833E-06  2.57115E+01  1.594E+01
  39700     62.571  1.35E-03  2.202E-01  1.441E+00  3.578E+01  4.85297E-06  2.57400E+01  1.788E+01
  39800     62.727  1.55E-03  2.167E-01  1.238E+00  3.578E+01  4.84505E-06  2.57603E+01  1.560E+01
  39900     62.874  1.47E-03  2.127E-01  1.261E+00  3.578E+01  4.83884E-06  2.57684E+01  1.645E+01
  40000     63.025  1.60E-03  2.100E-01  1.099E+00  3.578E+01  4.83196E-06  2.57891E+01  1.512E+01
  40100     63.184  1.61E-03  2.110E-01  9.624E-01  3.578E+01  4.82896E-06  2.57831E+01  1.501E+01
  40200     63.350  1.66E-03  2.098E-01  9.099E-01  3.578E+01  4.82505E-06  2.57928E+01  1.458E+01
  40300     63.507  1.65E-03  2.092E-01  9.973E-01  3.578E+01  4.81825E-06  2.57833E+01  1.460E+01
  40400     63.673  1.53E-03  2.076E-01  8.929E-01  3.578E+01  4.81170E-06  2.57415E+01  1.578E+01
  40500     63.837  1.71E-03  2.087E-01  9.142E-01  3.577E+01  4.80614E-06  2.57338E+01  1.413E+01
  40600     64.000  1.46E-03  2.103E-01  1.400E+00  3.577E+01  4.80156E-06  2.57579E+01  1.653E+01
  40700     64.146  1.61E-03  2.120E-01  1.209E+00  3.577E+01  4.79771E-06  2.57673E+01  1.499E+01
  40800     64.309  1.65E-03  2.145E-01  9.591E-01  3.577E+01  4.79599E-06  2.57506E+01  1.464E+01
  40900     64.474  1.68E-03  2.153E-01  8.859E-01  3.578E+01  4.79698E-06  2.57548E+01  1.436E+01
  41000     64.625  1.41E-03  2.118E-01  1.283E+00  3.578E+01  4.79705E-06  2.57698E+01  1.711E+01
  41100     64.782  1.63E-03  2.128E-01  1.323E+00  3.578E+01  4.79787E-06  2.57549E+01  1.483E+01
  41200     64.937  1.57E-03  2.138E-01  1.272E+00  3.577E+01  4.80080E-06  2.57426E+01  1.539E+01
  41300     65.096  1.55E-03  2.117E-01  1.150E+00  3.577E+01  4.80482E-06  2.57281E+01  1.560E+01
  41400     65.233  1.49E-03  2.113E-01  1.089E+00  3.577E+01  4.80662E-06  2.57110E+01  1.626E+01
  41500     65.391  1.56E-03  2.110E-01  9.985E-01  3.577E+01  4.80555E-06  2.57252E+01  1.550E+01
  41600     65.545  1.64E-03  2.071E-01  9.482E-01  3.577E+01  4.80430E-06  2.57442E+01  1.476E+01
  41700     65.704  1.69E-03  2.071E-01  9.560E-01  3.577E+01  4.80280E-06  2.57310E+01  1.428E+01
  41800     65.865  1.62E-03  2.072E-01  8.942E-01  3.577E+01  4.80120E-06  2.57206E+01  1.495E+01
  41900     66.025  1.50E-03  2.074E-01  1.035E+00  3.577E+01  4.79782E-06  2.57217E+01  1.610E+01
  42000     66.191  1.51E-03  2.079E-01  1.171E+00  3.577E+01  4.79233E-06  2.57045E+01  1.603E+01
  42100     66.348  1.46E-03  2.065E-01  1.431E+00  3.577E+01  4.78792E-06  2.57217E+01  1.654E+01
  42200     66.511  1.74E-03  2.031E-01  1.023E+00  3.577E+01  4.78089E-06  2.57544E+01  1.386E+01
  42300     66.682  1.72E-03  2.031E-01  8.980E-01  3.577E+01  4.76995E-06  2.57581E+01  1.405E+01
  42400     66.854  1.53E-03  2.092E-01  1.039E+00  3.577E+01  4.76360E-06  2.57409E+01  1.574E+01
  42500     67.013  1.59E-03  2.050E-01  1.053E+00  3.577E+01  4.76105E-06  2.57378E+01  1.520E+01
  42600     67.165  1.47E-03  2.039E-01  1.298E+00  3.577E+01  4.75640E-06  2.57417E+01  1.640E+01
  42700     67.310  1.57E-03  2.058E-01  1.248E+00  3.577E+01  4.75325E-06  2.57403E+01  1.541E+01
  42800     67.459  1.39E-03  2.061E-01  1.465E+00  3.577E+01  4.75103E-06  2.57207E+01  1.734E+01
  42900     67.609  1.67E-03  2.066E-01  1.447E+00  3.577E+01  4.74889E-06  2.56999E+01  1.442E+01
  43000     67.767  1.61E-03  2.051E-01  1.135E+00  3.577E+01  4.74504E-06  2.57086E+01  1.503E+01
  43100     67.919  1.42E-03  2.045E-01  1.216E+00  3.577E+01  4.73985E-06  2.57177E+01  1.699E+01
  43200     68.072  1.63E-03  2.018E-01  1.003E+00  3.577E+01  4.73156E-06  2.57180E+01  1.482E+01
  43300     68.243  1.77E-03  2.007E-01  8.267E-01  3.577E+01  4.72038E-06  2.57221E+01  1.363E+01
  43400     68.414  1.69E-03  1.993E-01  1.020E+00  3.577E+01  4.70989E-06  2.57310E+01  1.433E+01
  43500     68.576  1.65E-03  1.982E-01  9.347E-01  3.577E+01  4.70112E-06  2.57360E+01  1.459E+01
  43600     68.724  1.57E-03  2.002E-01  8.997E-01  3.577E+01  4.69379E-06  2.57331E+01  1.539E+01
  43700     68.882  1.47E-03  2.021E-01  1.146E+00  3.577E+01  4.68590E-06  2.57423E+01  1.646E+01
  43800     69.035  1.65E-03  2.030E-01  1.019E+00  3.577E+01  4.67822E-06  2.57629E+01  1.464E+01
  43900     69.201  1.53E-03  2.039E-01  1.213E+00  3.577E+01  4.67019E-06  2.57391E+01  1.579E+01
  44000     69.358  1.58E-03  2.035E-01  1.186E+00  3.577E+01  4.66326E-06  2.57050E+01  1.528E+01
  44100     69.506  1.31E-03  2.030E-01  1.507E+00  3.577E+01  4.65729E-06  2.57147E+01  1.838E+01
  44200     69.657  1.66E-03  2.009E-01  1.147E+00  3.577E+01  4.65374E-06  2.57283E+01  1.456E+01
  44300     69.824  1.59E-03  1.985E-01  1.149E+00  3.577E+01  4.65188E-06  2.57325E+01  1.520E+01
  44400     69.975  1.53E-03  1.995E-01  1.081E+00  3.577E+01  4.65001E-06  2.57316E+01  1.582E+01
  44500     70.135  1.53E-03  1.991E-01  1.043E+00  3.577E+01  4.64644E-06  2.56977E+01  1.582E+01
  44600     70.294  1.62E-03  1.989E-01  9.321E-01  3.577E+01  4.64190E-06  2.56840E+01  1.489E+01
  44700     70.456  1.71E-03  1.989E-01  9.718E-01  3.577E+01  4.63696E-06  2.56612E+01  1.415E+01
  44800     70.624  1.68E-03  2.022E-01  1.139E+00  3.577E+01  4.63195E-06  2.56236E+01  1.440E+01
  44900     70.775  1.62E-03  2.012E-01  1.065E+00  3.577E+01  4.63117E-06  2.56173E+01  1.495E+01
  45000     70.935  1.69E-03  2.000E-01  9.536E-01  3.577E+01  4.63019E-06  2.56062E+01  1.426E+01
  45100     71.098  1.62E-03  1.970E-01  1.055E+00  3.577E+01  4.62724E-06  2.56290E+01  1.491E+01
  45200     71.250  1.55E-03  1.957E-01  9.310E-01  3.577E+01  4.62307E-06  2.56749E+01  1.556E+01
  45300     71.413  1.65E-03  1.983E-01  8.569E-01  3.577E+01  4.62274E-06  2.56934E+01  1.463E+01
  45400     71.570  1.51E-03  2.018E-01  1.181E+00  3.577E+01  4.62287E-06  2.56809E+01  1.602E+01
  45500     71.730  1.52E-03  2.042E-01  1.047E+00  3.577E+01  4.62303E-06  2.56861E+01  1.585E+01
  45600     71.892  1.70E-03  2.051E-01  9.252E-01  3.577E+01  4.62370E-06  2.57049E+01  1.419E+01
  45700     72.041  1.43E-03  2.045E-01  1.349E+00  3.577E+01  4.62447E-06  2.57056E+01  1.687E+01
  45800     72.192  1.50E-03  2.044E-01  1.639E+00  3.577E+01  4.62412E-06  2.57056E+01  1.610E+01
  45900     72.338  1.46E-03  2.042E-01  1.197E+00  3.577E+01  4.62024E-06  2.57217E+01  1.653E+01
  46000     72.492  1.65E-03  2.052E-01  1.066E+00  3.577E+01  4.61542E-06  2.57212E+01  1.466E+01
  46100     72.650  1.52E-03  2.032E-01  1.296E+00  3.577E+01  4.61129E-06  2.56912E+01  1.589E+01
  46200     72.805  1.64E-03  2.026E-01  1.128E+00  3.577E+01  4.60564E-06  2.56853E+01  1.477E+01
  46300     72.969  1.61E-03  2.028E-01  1.244E+00  3.577E+01  4.60337E-06  2.56789E+01  1.498E+01
  46400     73.125  1.46E-03  2.047E-01  1.063E+00  3.577E+01  4.60192E-06  2.56595E+01  1.649E+01
  46500     73.277  1.64E-03  2.044E-01  1.292E+00  3.577E+01  4.59836E-06  2.56362E+01  1.472E+01
  46600     73.437  1.55E-03  2.013E-01  1.052E+00  3.577E+01  4.59101E-06  2.56335E+01  1.561E+01
  46700     73.598  1.69E-03  2.001E-01  1.184E+00  3.577E+01  4.58478E-06  2.56580E+01  1.427E+01
  46800     73.752  1.49E-03  2.009E-01  1.352E+00  3.577E+01  4.58065E-06  2.56673E+01  1.622E+01
  46900     73.913  1.69E-03  1.996E-01  1.165E+00  3.577E+01  4.57525E-06  2.56824E+01  1.428E+01
  47000     74.072  1.51E-03  1.992E-01  1.176E+00  3.577E+01  4.56618E-06  2.57126E+01  1.595E+01
  47100     74.222  1.39E-03  1.968E-01  1.111E+00  3.577E+01  4.55652E-06  2.57619E+01  1.737E+01
  47200     74.379  1.60E-03  1.964E-01  1.085E+00  3.577E+01  4.54790E-06  2.57512E+01  1.513E+01
  47300     74.536  1.48E-03  1.959E-01  1.083E+00  3.577E+01  4.53846E-06  2.57361E+01  1.630E+01
  47400     74.681  1.57E-03  1.931E-01  1.300E+00  3.577E+01  4.53055E-06  2.57313E+01  1.540E+01
  47500     74.834  1.53E-03  1.941E-01  9.606E-01  3.577E+01  4.52175E-06  2.57022E+01  1.576E+01
  47600     75.001  1.71E-03  1.942E-01  9.002E-01  3.577E+01  4.50953E-06  2.56702E+01  1.408E+01
  47700     75.166  1.55E-03  1.971E-01  1.171E+00  3.577E+01  4.49891E-06  2.56569E+01  1.556E+01
  47800     75.321  1.47E-03  2.032E-01  1.026E+00  3.577E+01  4.49351E-06  2.56410E+01  1.638E+01
  47900     75.469  1.49E-03  2.072E-01  1.050E+00  3.577E+01  4.48919E-06  2.56502E+01  1.617E+01
  48000     75.619  1.60E-03  2.094E-01  1.029E+00  3.577E+01  4.48583E-06  2.56763E+01  1.512E+01
  48100     75.769  1.46E-03  2.072E-01  1.377E+00  3.577E+01  4.48331E-06  2.57010E+01  1.657E+01
  48200     75.926  1.60E-03  2.092E-01  9.571E-01  3.577E+01  4.47842E-06  2.56986E+01  1.505E+01
  48300     76.089  1.58E-03  2.070E-01  1.000E+00  3.577E+01  4.47387E-06  2.56572E+01  1.526E+01
  48400     76.241  1.49E-03  2.016E-01  1.052E+00  3.577E+01  4.47009E-06  2.56445E+01  1.622E+01
  48500     76.398  1.51E-03  2.018E-01  9.967E-01  3.577E+01  4.46669E-06  2.56372E+01  1.595E+01
  48600     76.549  1.43E-03  2.002E-01  1.183E+00  3.577E+01  4.46483E-06  2.56472E+01  1.684E+01
  48700     76.704  1.44E-03  2.015E-01  1.148E+00  3.577E+01  4.46440E-06  2.56707E+01  1.677E+01
  48800     76.852  1.53E-03  1.993E-01  1.322E+00  3.577E+01  4.46231E-06  2.57087E+01  1.579E+01
  48900     76.999  1.51E-03  1.984E-01  1.421E+00  3.577E+01  4.45837E-06  2.57217E+01  1.594E+01
  49000     77.156  1.59E-03  1.978E-01  1.175E+00  3.577E+01  4.45415E-06  2.57088E+01  1.515E+01
  49100     77.315  1.57E-03  1.951E-01  1.115E+00  3.577E+01  4.44894E-06  2.57005E+01  1.534E+01
  49200     77.476  1.55E-03  1.957E-01  1.371E+00  3.577E+01  4.44353E-06  2.56774E+01  1.557E+01
  49300     77.630  1.62E-03  1.987E-01  9.944E-01  3.577E+01  4.43754E-06  2.56770E+01  1.492E+01
  49400     77.778  1.54E-03  1.967E-01  9.524E-01  3.577E+01  4.43332E-06  2.57091E+01  1.570E+01
  49500     77.941  1.70E-03  1.950E-01  1.025E+00  3.577E+01  4.43012E-06  2.57135E+01  1.419E+01
  49600     78.109  1.56E-03  1.936E-01  9.902E-01  3.577E+01  4.42276E-06  2.56825E+01  1.549E+01
  49700     78.268  1.63E-03  1.962E-01  9.731E-01  3.577E+01  4.41741E-06  2.56805E+01  1.480E+01
  49800     78.430  1.60E-03  1.962E-01  8.532E-01  3.577E+01  4.41570E-06  2.56922E+01  1.509E+01
  49900     78.597  1.61E-03  1.970E-01  9.243E-01  3.577E+01  4.41300E-06  2.56724E+01  1.500E+01
  50000     78.761  1.74E-03  1.986E-01  1.101E+00  3.577E+01  4.40852E-06  2.56578E+01  1.386E+01
  50100     78.933  1.64E-03  1.991E-01  1.095E+00  3.577E+01  4.40605E-06  2.56490E+01  1.470E+01
  50200     79.096  1.59E-03  2.001E-01  1.050E+00  3.577E+01  4.40595E-06  2.56357E+01  1.524E+01
  50300     79.252  1.43E-03  2.019E-01  1.196E+00  3.577E+01  4.40598E-06  2.56554E+01  1.695E+01
  50400     79.403  1.58E-03  2.043E-01  9.914E-01  3.577E+01  4.40441E-06  2.56864E+01  1.529E+01
  50500     79.554  1.56E-03  2.043E-01  1.229E+00  3.577E+01  4.40174E-06  2.57032E+01  1.553E+01
  50600     79.709  1.49E-03  2.013E-01  1.220E+00  3.577E+01  4.40145E-06  2.57308E+01  1.619E+01
  50700     79.865  1.61E-03  2.015E-01  1.207E+00  3.577E+01  4.39879E-06  2.57401E+01  1.495E+01
  50800     80.019  1.58E-03  2.025E-01  1.117E+00  3.577E+01  4.39552E-06  2.57350E+01  1.524E+01
  50900     80.174  1.49E-03  2.037E-01  1.298E+00  3.577E+01  4.39431E-06  2.56964E+01  1.626E+01
  51000     80.323  1.53E-03  2.028E-01  1.370E+00  3.577E+01  4.39350E-06  2.56664E+01  1.580E+01
  51100     80.473  1.35E-03  2.037E-01  1.646E+00  3.577E+01  4.39259E-06  2.56801E+01  1.795E+01
  51200     80.614  1.57E-03  2.051E-01  9.845E-01  3.577E+01  4.39045E-06  2.57051E+01  1.540E+01
  51300     80.772  1.42E-03  2.037E-01  1.223E+00  3.577E+01  4.38868E-06  2.56882E+01  1.696E+01
  51400     80.931  1.67E-03  2.031E-01  1.056E+00  3.577E+01  4.38752E-06  2.56691E+01  1.445E+01
  51500     81.091  1.45E-03  2.036E-01  1.163E+00  3.577E+01  4.38559E-06  2.56967E+01  1.671E+01
  51600     81.244  1.66E-03  2.035E-01  1.057E+00  3.577E+01  4.38425E-06  2.57089E+01  1.457E+01
  51700     81.402  1.68E-03  2.030E-01  1.147E+00  3.577E+01  4.38396E-06  2.57027E+01  1.437E+01
  51800     81.566  1.65E-03  2.021E-01  8.517E-01  3.577E+01  4.38276E-06  2.56831E+01  1.468E+01
  51900     81.730  1.55E-03  2.062E-01  1.068E+00  3.577E+01  4.38660E-06  2.56555E+01  1.563E+01
  52000     81.891  1.67E-03  2.081E-01  9.337E-01  3.577E+01  4.39266E-06  2.56398E+01  1.444E+01
  52100     82.048  1.50E-03  2.075E-01  1.349E+00  3.577E+01  4.39731E-06  2.56337E+01  1.608E+01
  52200     82.194  1.52E-03  2.078E-01  1.022E+00  3.577E+01  4.40033E-06  2.56254E+01  1.585E+01
  52300     82.350  1.69E-03  2.131E-01  1.042E+00  3.577E+01  4.40147E-06  2.56575E+01  1.433E+01
  52400     82.518  1.56E-03  2.122E-01  1.048E+00  3.577E+01  4.40433E-06  2.57213E+01  1.548E+01
  52500     82.672  1.55E-03  2.120E-01  1.010E+00  3.577E+01  4.40680E-06  2.57495E+01  1.555E+01
  52600     82.834  1.64E-03  2.089E-01  9.227E-01  3.577E+01  4.40805E-06  2.57576E+01  1.468E+01
  52700     83.003  1.66E-03  2.073E-01  9.348E-01  3.577E+01  4.40490E-06  2.57487E+01  1.456E+01
  52800     83.164  1.70E-03  2.121E-01  9.110E-01  3.577E+01  4.40188E-06  2.57254E+01  1.417E+01
  52900     83.333  1.52E-03  2.132E-01  9.964E-01  3.577E+01  4.39988E-06  2.57068E+01  1.585E+01
  53000     83.494  1.57E-03  2.114E-01  1.021E+00  3.577E+01  4.39920E-06  2.56843E+01  1.542E+01
  53100     83.641  1.35E-03  2.113E-01  1.471E+00  3.577E+01  4.39673E-06  2.56823E+01  1.789E+01
  53200     83.786  1.43E-03  2.112E-01  1.129E+00  3.577E+01  4.39067E-06  2.56905E+01  1.689E+01
  53300     83.938  1.38E-03  2.114E-01  1.529E+00  3.577E+01  4.38462E-06  2.56912E+01  1.747E+01
  53400     84.071  1.56E-03  2.095E-01  9.951E-01  3.577E+01  4.37937E-06  2.56964E+01  1.547E+01
  53500     84.230  1.64E-03  2.079E-01  1.055E+00  3.577E+01  4.37193E-06  2.56900E+01  1.468E+01
  53600     84.394  1.61E-03  2.105E-01  1.029E+00  3.577E+01  4.36220E-06  2.56674E+01  1.502E+01
  53700     84.546  1.48E-03  2.108E-01  1.160E+00  3.577E+01  4.35273E-06  2.56813E+01  1.635E+01
  53800     84.700  1.66E-03  2.135E-01  1.097E+00  3.577E+01  4.34439E-06  2.56967E+01  1.453E+01
  53900     84.868  1.66E-03  2.140E-01  1.135E+00  3.577E+01  4.33514E-06  2.56902E+01  1.457E+01
  54000     85.027  1.45E-03  2.110E-01  1.072E+00  3.577E+01  4.32482E-06  2.56849E+01  1.668E+01
  54100     85.181  1.59E-03  2.093E-01  1.107E+00  3.577E+01  4.31410E-06  2.56777E+01  1.519E+01
  54200     85.326  1.33E-03  2.121E-01  1.685E+00  3.577E+01  4.30527E-06  2.56785E+01  1.817E+01
  54300     85.471  1.56E-03  2.134E-01  1.145E+00  3.577E+01  4.29574E-06  2.57156E+01  1.544E+01
  54400     85.635  1.71E-03  2.124E-01  1.033E+00  3.577E+01  4.28526E-06  2.57189E+01  1.414E+01
  54500     85.795  1.65E-03  2.129E-01  1.192E+00  3.577E+01  4.27569E-06  2.57014E+01  1.467E+01
  54600     85.960  1.40E-03  2.114E-01  1.315E+00  3.577E+01  4.26756E-06  2.57116E+01  1.725E+01
  54700     86.105  1.57E-03  2.104E-01  1.047E+00  3.577E+01  4.26267E-06  2.57060E+01  1.540E+01
  54800     86.263  1.63E-03  2.079E-01  8.797E-01  3.577E+01  4.25732E-06  2.56878E+01  1.479E+01
  54900     86.430  1.75E-03  2.111E-01  1.354E+00  3.577E+01  4.25205E-06  2.56856E+01  1.376E+01
  55000     86.599  1.62E-03  2.111E-01  1.105E+00  3.577E+01  4.24456E-06  2.56539E+01  1.488E+01
  55100     86.753  1.39E-03  2.094E-01  1.388E+00  3.577E+01  4.23790E-06  2.56635E+01  1.744E+01
  55200     86.898  1.55E-03  2.127E-01  1.212E+00  3.577E+01  4.23142E-06  2.57146E+01  1.556E+01
  55300     87.050  1.58E-03  2.118E-01  1.174E+00  3.577E+01  4.22503E-06  2.57520E+01  1.528E+01
  55400     87.203  1.59E-03  2.100E-01  9.295E-01  3.577E+01  4.21725E-06  2.57479E+01  1.520E+01
  55500     87.371  1.64E-03  2.099E-01  1.635E+00  3.577E+01  4.20786E-06  2.57095E+01  1.476E+01
  55600     87.529  1.40E-03  2.096E-01  1.311E+00  3.577E+01  4.20051E-06  2.56892E+01  1.723E+01
  55700     87.677  1.66E-03  2.105E-01  1.036E+00  3.577E+01  4.19362E-06  2.57070E+01  1.459E+01
  55800     87.838  1.60E-03  2.105E-01  1.409E+00  3.577E+01  4.18469E-06  2.57208E+01  1.505E+01
  55900     87.980  1.38E-03  2.113E-01  1.372E+00  3.577E+01  4.17592E-06  2.57159E+01  1.752E+01
  56000     88.111  1.30E-03  2.123E-01  1.436E+00  3.577E+01  4.16926E-06  2.57143E+01  1.853E+01
  56100     88.266  1.52E-03  2.141E-01  1.286E+00  3.577E+01  4.16167E-06  2.57218E+01  1.592E+01
  56200     88.406  1.16E-03  2.130E-01  2.046E+00  3.577E+01  4.15514E-06  2.57245E+01  2.077E+01
  56300     88.537  1.56E-03  2.139E-01  1.082E+00  3.577E+01  4.15066E-06  2.57258E+01  1.550E+01
  56400     88.692  1.56E-03  2.134E-01  1.023E+00  3.577E+01  4.14551E-06  2.57329E+01  1.545E+01
  56500     88.862  1.59E-03  2.132E-01  1.277E+00  3.577E+01  4.14028E-06  2.57144E+01  1.515E+01
  56600     89.004  1.21E-03  2.130E-01  1.753E+00  3.577E+01  4.13499E-06  2.57236E+01  1.996E+01
  56700     89.150  1.57E-03  2.133E-01  1.006E+00  3.577E+01  4.13001E-06  2.57390E+01  1.534E+01
  56800     89.315  1.72E-03  2.120E-01  9.851E-01  3.577E+01  4.12493E-06  2.57349E+01  1.407E+01
  56900     89.476  1.52E-03  2.108E-01  1.272E+00  3.577E+01  4.12154E-06  2.57135E+01  1.591E+01
  57000     89.631  1.69E-03  2.111E-01  1.021E+00  3.577E+01  4.12004E-06  2.57013E+01  1.430E+01
  57100     89.800  1.60E-03  2.123E-01  1.036E+00  3.577E+01  4.11690E-06  2.56783E+01  1.508E+01
  57200     89.965  1.61E-03  2.105E-01  8.951E-01  3.577E+01  4.11288E-06  2.56843E+01  1.501E+01
  57300     90.126  1.62E-03  2.097E-01  8.960E-01  3.577E+01  4.10892E-06  2.57089E+01  1.491E+01
  57400     90.286  1.64E-03  2.115E-01  9.102E-01  3.577E+01  4.10628E-06  2.57129E+01  1.472E+01
  57500     90.430  1.32E-03  2.146E-01  1.518E+00  3.577E+01  4.10599E-06  2.57165E+01  1.829E+01
  57600     90.576  1.39E-03  2.120E-01  1.436E+00  3.577E+01  4.10488E-06  2.57118E+01  1.732E+01
  57700     90.706  1.20E-03  2.120E-01  2.061E+00  3.577E+01  4.10155E-06  2.57092E+01  2.010E+01
  57800     90.841  1.46E-03  2.164E-01  1.279E+00  3.577E+01  4.09725E-06  2.57124E+01  1.656E+01
  57900     90.979  1.31E-03  2.178E-01  1.619E+00  3.577E+01  4.09465E-06  2.57219E+01  1.837E+01
  58000     91.100  1.16E-03  2.169E-01  1.938E+00  3.577E+01  4.09264E-06  2.57285E+01  2.078E+01
  58100     91.240  1.59E-03  2.195E-01  1.190E+00  3.577E+01  4.09003E-06  2.57287E+01  1.521E+01
  58200     91.399  1.53E-03  2.201E-01  1.176E+00  3.577E+01  4.08583E-06  2.57230E+01  1.579E+01
  58300     91.564  1.64E-03  2.180E-01  1.161E+00  3.577E+01  4.08152E-06  2.57161E+01  1.473E+01
  58400     91.712  1.52E-03  2.177E-01  1.231E+00  3.577E+01  4.07654E-06  2.57331E+01  1.591E+01
  58500     91.860  1.62E-03  2.187E-01  1.003E+00  3.577E+01  4.07051E-06  2.57662E+01  1.494E+01
  58600     92.017  1.68E-03  2.203E-01  1.042E+00  3.577E+01  4.06369E-06  2.57483E+01  1.440E+01
  58700     92.171  1.61E-03  2.198E-01  1.219E+00  3.577E+01  4.05747E-06  2.57229E+01  1.502E+01
  58800     92.328  1.57E-03  2.167E-01  1.070E+00  3.577E+01  4.05141E-06  2.57104E+01  1.539E+01
  58900     92.489  1.44E-03  2.154E-01  1.102E+00  3.577E+01  4.04836E-06  2.57064E+01  1.673E+01
  59000     92.643  1.57E-03  2.188E-01  1.041E+00  3.577E+01  4.04761E-06  2.57232E+01  1.542E+01
  59100     92.807  1.68E-03  2.199E-01  8.916E-01  3.577E+01  4.04568E-06  2.57296E+01  1.435E+01
  59200     92.968  1.50E-03  2.223E-01  1.205E+00  3.577E+01  4.04361E-06  2.57200E+01  1.610E+01
  59300     93.123  1.66E-03  2.218E-01  1.054E+00  3.577E+01  4.03888E-06  2.57254E+01  1.457E+01
  59400     93.286  1.65E-03  2.214E-01  1.241E+00  3.577E+01  4.03447E-06  2.57071E+01  1.466E+01
  59500     93.453  1.70E-03  2.231E-01  1.110E+00  3.577E+01  4.03242E-06  2.56875E+01  1.421E+01
  59600     93.617  1.66E-03  2.236E-01  1.229E+00  3.577E+01  4.03211E-06  2.56735E+01  1.458E+01
  59700     93.786  1.57E-03  2.223E-01  1.137E+00  3.577E+01  4.03033E-06  2.56673E+01  1.541E+01
  59800     93.941  1.57E-03  2.199E-01  1.052E+00  3.577E+01  4.02593E-06  2.57173E+01  1.540E+01
  59900     94.088  1.38E-03  2.207E-01  1.760E+00  3.577E+01  4.02119E-06  2.57618E+01  1.749E+01
  60000     94.235  1.56E-03  2.173E-01  1.155E+00  3.577E+01  4.01705E-06  2.57444E+01  1.544E+01
  60100     94.380  1.46E-03  2.178E-01  1.197E+00  3.577E+01  4.01453E-06  2.57136E+01  1.660E+01
  60200     94.533  1.45E-03  2.180E-01  1.393E+00  3.577E+01  4.01150E-06  2.57060E+01  1.664E+01
  60300     94.672  1.46E-03  2.197E-01  1.501E+00  3.577E+01  4.00471E-06  2.57289E+01  1.654E+01
  60400     94.825  1.60E-03  2.218E-01  1.073E+00  3.577E+01  3.99681E-06  2.57521E+01  1.508E+01
  60500     94.990  1.53E-03  2.234E-01  1.039E+00  3.577E+01  3.99017E-06  2.57177E+01  1.576E+01
  60600     95.156  1.73E-03  2.224E-01  9.797E-01  3.577E+01  3.98803E-06  2.56691E+01  1.396E+01
  60700     95.301  1.58E-03  2.212E-01  1.110E+00  3.577E+01  3.98758E-06  2.56265E+01  1.529E+01
  60800     95.457  1.61E-03  2.177E-01  1.062E+00  3.577E+01  3.98808E-06  2.56021E+01  1.496E+01
  60900     95.611  1.58E-03  2.211E-01  1.121E+00  3.577E+01  3.98880E-06  2.56100E+01  1.530E+01
  61000     95.766  1.41E-03  2.197E-01  1.234E+00  3.577E+01  3.98761E-06  2.56320E+01  1.707E+01
  61100     95.928  1.68E-03  2.185E-01  1.150E+00  3.577E+01  3.98456E-06  2.56891E+01  1.436E+01
  61200     96.091  1.48E-03  2.210E-01  1.315E+00  3.577E+01  3.98234E-06  2.57061E+01  1.630E+01
  61300     96.248  1.72E-03  2.205E-01  1.006E+00  3.577E+01  3.98067E-06  2.57014E+01  1.407E+01
  61400     96.418  1.70E-03  2.178E-01  1.274E+00  3.577E+01  3.97796E-06  2.57034E+01  1.422E+01
  61500     96.575  1.44E-03  2.204E-01  1.077E+00  3.577E+01  3.97472E-06  2.57224E+01  1.676E+01
  61600     96.729  1.60E-03  2.221E-01  1.058E+00  3.577E+01  3.97076E-06  2.57364E+01  1.507E+01
  61700     96.875  1.41E-03  2.249E-01  1.152E+00  3.577E+01  3.96818E-06  2.57424E+01  1.707E+01
  61800     97.024  1.48E-03  2.248E-01  1.154E+00  3.577E+01  3.96695E-06  2.57338E+01  1.637E+01
  61900     97.174  1.58E-03  2.258E-01  1.035E+00  3.577E+01  3.96395E-06  2.57470E+01  1.531E+01
  62000     97.326  1.48E-03  2.257E-01  1.104E+00  3.577E+01  3.95964E-06  2.57528E+01  1.630E+01
  62100     97.461  1.41E-03  2.235E-01  1.288E+00  3.577E+01  3.95393E-06  2.57528E+01  1.717E+01
  62200     97.610  1.48E-03  2.231E-01  1.041E+00  3.577E+01  3.94593E-06  2.57660E+01  1.636E+01
  62300     97.765  1.63E-03  2.219E-01  1.076E+00  3.577E+01  3.93907E-06  2.57780E+01  1.480E+01
  62400     97.927  1.51E-03  2.225E-01  1.123E+00  3.577E+01  3.92917E-06  2.57529E+01  1.600E+01
  62500     98.082  1.61E-03  2.244E-01  1.101E+00  3.577E+01  3.92051E-06  2.57136E+01  1.498E+01
  62600     98.247  1.55E-03  2.238E-01  1.028E+00  3.577E+01  3.91142E-06  2.57070E+01  1.554E+01
  62700     98.400  1.53E-03  2.254E-01  1.215E+00  3.576E+01  3.90432E-06  2.57401E+01  1.576E+01
  62800     98.556  1.61E-03  2.246E-01  1.008E+00  3.576E+01  3.89839E-06  2.57532E+01  1.501E+01
  62900     98.718  1.66E-03  2.244E-01  1.020E+00  3.577E+01  3.89162E-06  2.57425E+01  1.458E+01
  63000     98.876  1.51E-03  2.281E-01  9.691E-01  3.577E+01  3.88227E-06  2.57229E+01  1.600E+01
  63100     99.032  1.56E-03  2.298E-01  9.690E-01  3.577E+01  3.87420E-06  2.57231E+01  1.548E+01
  63200     99.183  1.51E-03  2.300E-01  1.046E+00  3.577E+01  3.86991E-06  2.57342E+01  1.604E+01
  63300     99.342  1.48E-03  2.293E-01  1.310E+00  3.577E+01  3.86636E-06  2.57354E+01  1.633E+01
  63400     99.491  1.44E-03  2.304E-01  1.152E+00  3.577E+01  3.86329E-06  2.57205E+01  1.680E+01
  63500     99.654  1.65E-03  2.307E-01  1.097E+00  3.577E+01  3.86111E-06  2.57268E+01  1.467E+01
  63600     99.809  1.51E-03  2.267E-01  1.183E+00  3.577E+01  3.85885E-06  2.57557E+01  1.599E+01
  63700     99.956  1.47E-03  2.270E-01  1.211E+00  3.577E+01  3.85577E-06  2.57505E+01  1.642E+01
  63800    100.115  1.66E-03  2.296E-01  9.157E-01  3.577E+01  3.85269E-06  2.57257E+01  1.452E+01
  63900    100.275  1.61E-03  2.286E-01  1.226E+00  3.577E+01  3.84950E-06  2.57229E+01  1.500E+01
  64000    100.431  1.55E-03  2.248E-01  1.185E+00  3.577E+01  3.84441E-06  2.57445E+01  1.561E+01
  64100    100.595  1.67E-03  2.235E-01  8.812E-01  3.577E+01  3.83937E-06  2.57479E+01  1.444E+01
  64200    100.760  1.67E-03  2.250E-01  1.044E+00  3.576E+01  3.83588E-06  2.57382E+01  1.443E+01
  64300    100.920  1.68E-03  2.237E-01  8.658E-01  3.576E+01  3.83237E-06  2.57302E+01  1.441E+01
  64400    101.086  1.42E-03  2.242E-01  1.371E+00  3.576E+01  3.82884E-06  2.57163E+01  1.700E+01
  64500    101.228  1.53E-03  2.269E-01  1.006E+00  3.576E+01  3.82486E-06  2.57094E+01  1.579E+01
  64600    101.385  1.56E-03  2.284E-01  1.209E+00  3.576E+01  3.82045E-06  2.57052E+01  1.547E+01
  64700    101.528  1.46E-03  2.283E-01  1.372E+00  3.576E+01  3.81800E-06  2.57322E+01  1.651E+01
  64800    101.677  1.44E-03  2.272E-01  1.136E+00  3.576E+01  3.81422E-06  2.57631E+01  1.678E+01
  64900    101.828  1.48E-03  2.285E-01  1.211E+00  3.576E+01  3.80962E-06  2.57636E+01  1.637E+01
  65000    101.975  1.49E-03  2.335E-01  1.241E+00  3.576E+01  3.80526E-06  2.57528E+01  1.621E+01
  65100    102.119  1.53E-03  2.347E-01  1.236E+00  3.576E+01  3.80076E-06  2.57297E+01  1.582E+01
  65200    102.278  1.64E-03  2.321E-01  1.095E+00  3.576E+01  3.79689E-06  2.57126E+01  1.469E+01
  65300    102.441  1.55E-03  2.320E-01  9.329E-01  3.576E+01  3.79266E-06  2.57094E+01  1.559E+01
  65400    102.585  1.46E-03  2.320E-01  9.957E-01  3.576E+01  3.78971E-06  2.57166E+01  1.651E+01
  65500    102.747  1.64E-03  2.328E-01  9.701E-01  3.576E+01  3.78608E-06  2.57220E+01  1.471E+01
  65600    102.908  1.68E-03  2.317E-01  1.099E+00  3.576E+01  3.78392E-06  2.57289E+01  1.434E+01
  65700    103.058  1.34E-03  2.312E-01  1.326E+00  3.576E+01  3.78317E-06  2.57280E+01  1.804E+01
  65800    103.204  1.47E-03  2.295E-01  1.079E+00  3.576E+01  3.78389E-06  2.57379E+01  1.639E+01
  65900    103.357  1.54E-03  2.313E-01  1.117E+00  3.576E+01  3.78196E-06  2.57367E+01  1.570E+01
  66000    103.521  1.68E-03  2.304E-01  1.177E+00  3.576E+01  3.77816E-06  2.57193E+01  1.441E+01
  66100    103.688  1.56E-03  2.300E-01  1.099E+00  3.576E+01  3.77682E-06  2.57204E+01  1.545E+01
  66200    103.840  1.64E-03  2.287E-01  1.121E+00  3.576E+01  3.77384E-06  2.57154E+01  1.473E+01
  66300    104.001  1.51E-03  2.277E-01  1.261E+00  3.576E+01  3.77100E-06  2.57202E+01  1.594E+01
  66400    104.160  1.52E-03  2.276E-01  1.084E+00  3.576E+01  3.76906E-06  2.57408E+01  1.587E+01
  66500    104.299  1.47E-03  2.271E-01  1.413E+00  3.576E+01  3.76720E-06  2.57470E+01  1.648E+01
  66600    104.454  1.63E-03  2.280E-01  1.193E+00  3.576E+01  3.76569E-06  2.57320E+01  1.480E+01
  66700    104.614  1.57E-03  2.286E-01  1.151E+00  3.576E+01  3.76408E-06  2.57093E+01  1.536E+01
  66800    104.771  1.58E-03  2.306E-01  1.078E+00  3.576E+01  3.75956E-06  2.57133E+01  1.524E+01
  66900    104.922  1.47E-03  2.324E-01  1.189E+00  3.576E+01  3.75441E-06  2.57205E+01  1.647E+01
  67000    105.078  1.70E-03  2.337E-01  1.040E+00  3.576E+01  3.74993E-06  2.57185E+01  1.422E+01
  67100    105.237  1.58E-03  2.346E-01  1.311E+00  3.576E+01  3.74623E-06  2.57008E+01  1.529E+01
  67200    105.403  1.66E-03  2.369E-01  1.106E+00  3.576E+01  3.74378E-06  2.56751E+01  1.458E+01
  67300    105.569  1.45E-03  2.377E-01  1.216E+00  3.576E+01  3.74072E-06  2.56670E+01  1.665E+01
  67400    105.720  1.64E-03  2.370E-01  1.035E+00  3.576E+01  3.73684E-06  2.56816E+01  1.470E+01
  67500    105.881  1.65E-03  2.349E-01  1.217E+00  3.576E+01  3.73167E-06  2.56836E+01  1.467E+01
  67600    106.026  1.56E-03  2.331E-01  1.235E+00  3.576E+01  3.72675E-06  2.56987E+01  1.546E+01
  67700    106.176  1.47E-03  2.325E-01  1.333E+00  3.576E+01  3.72142E-06  2.57233E+01  1.641E+01
  67800    106.325  1.40E-03  2.311E-01  1.156E+00  3.576E+01  3.71390E-06  2.57474E+01  1.730E+01
  67900    106.483  1.66E-03  2.280E-01  1.092E+00  3.576E+01  3.70513E-06  2.57556E+01  1.452E+01
  68000    106.639  1.56E-03  2.291E-01  1.292E+00  3.576E+01  3.69680E-06  2.57762E+01  1.548E+01
  68100    106.780  1.47E-03  2.296E-01  1.299E+00  3.576E+01  3.68934E-06  2.57932E+01  1.643E+01
  68200    106.942  1.47E-03  2.297E-01  1.010E+00  3.576E+01  3.68171E-06  2.57826E+01  1.639E+01
  68300    107.102  1.63E-03  2.279E-01  1.038E+00  3.576E+01  3.67530E-06  2.57718E+01  1.480E+01
  68400    107.266  1.73E-03  2.254E-01  1.257E+00  3.576E+01  3.66723E-06  2.57656E+01  1.393E+01
  68500    107.429  1.62E-03  2.248E-01  1.167E+00  3.576E+01  3.65851E-06  2.57455E+01  1.486E+01
  68600    107.586  1.64E-03  2.239E-01  9.116E-01  3.576E+01  3.64970E-06  2.57397E+01  1.470E+01
  68700    107.752  1.56E-03  2.246E-01  1.216E+00  3.576E+01  3.64110E-06  2.57260E+01  1.545E+01
  68800    107.910  1.52E-03  2.255E-01  1.037E+00  3.576E+01  3.63456E-06  2.57000E+01  1.590E+01
  68900    108.055  1.61E-03  2.266E-01  1.036E+00  3.576E+01  3.62743E-06  2.56877E+01  1.500E+01
  69000    108.210  1.48E-03  2.255E-01  1.185E+00  3.576E+01  3.61996E-06  2.57154E+01  1.629E+01
  69100    108.353  1.48E-03  2.256E-01  1.352E+00  3.576E+01  3.61577E-06  2.57500E+01  1.629E+01
  69200    108.514  1.50E-03  2.250E-01  1.196E+00  3.576E+01  3.61221E-06  2.57492E+01  1.615E+01
  69300    108.671  1.51E-03  2.218E-01  1.411E+00  3.576E+01  3.60759E-06  2.57341E+01  1.595E+01
  69400    108.824  1.46E-03  2.231E-01  1.035E+00  3.576E+01  3.60243E-06  2.57293E+01  1.649E+01
  69500    108.986  1.72E-03  2.249E-01  9.879E-01  3.576E+01  3.59742E-06  2.57344E+01  1.407E+01
  69600    109.152  1.71E-03  2.263E-01  1.119E+00  3.576E+01  3.59473E-06  2.57103E+01  1.408E+01
  69700    109.292  1.40E-03  2.252E-01  1.178E+00  3.576E+01  3.59225E-06  2.56888E+01  1.730E+01
  69800    109.449  1.60E-03  2.247E-01  1.160E+00  3.576E+01  3.58892E-06  2.56919E+01  1.506E+01
  69900    109.601  1.70E-03  2.230E-01  9.717E-01  3.576E+01  3.58578E-06  2.57090E+01  1.418E+01
  70000    109.758  1.46E-03  2.222E-01  1.343E+00  3.576E+01  3.58231E-06  2.57361E+01  1.649E+01
  70100    109.910  1.56E-03  2.214E-01  1.054E+00  3.576E+01  3.58008E-06  2.57466E+01  1.545E+01
  70200    110.081  1.68E-03  2.211E-01  8.988E-01  3.576E+01  3.57795E-06  2.57244E+01  1.434E+01
  70300    110.221  1.33E-03  2.188E-01  1.582E+00  3.576E+01  3.57663E-06  2.57097E+01  1.818E+01
  70400    110.374  1.63E-03  2.197E-01  1.346E+00  3.576E+01  3.57505E-06  2.56975E+01  1.483E+01
  70500    110.541  1.53E-03  2.220E-01  1.099E+00  3.576E+01  3.57297E-06  2.57089E+01  1.582E+01
  70600    110.697  1.65E-03  2.270E-01  1.016E+00  3.576E+01  3.57023E-06  2.57637E+01  1.466E+01
  70700    110.848  1.61E-03  2.275E-01  1.101E+00  3.576E+01  3.56941E-06  2.57922E+01  1.499E+01
  70800    111.012  1.57E-03  2.262E-01  1.588E+00  3.576E+01  3.57089E-06  2.57694E+01  1.535E+01
  70900    111.171  1.66E-03  2.281E-01  1.118E+00  3.576E+01  3.57130E-06  2.57354E+01  1.457E+01
  71000    111.319  1.53E-03  2.307E-01  1.073E+00  3.576E+01  3.57386E-06  2.57103E+01  1.581E+01
  71100    111.479  1.68E-03  2.307E-01  1.165E+00  3.576E+01  3.57810E-06  2.56669E+01  1.436E+01
  71200    111.629  1.46E-03  2.299E-01  1.156E+00  3.576E+01  3.58214E-06  2.56511E+01  1.656E+01
  71300    111.771  1.52E-03  2.319E-01  1.060E+00  3.576E+01  3.58507E-06  2.56724E+01  1.585E+01
  71400    111.931  1.55E-03  2.323E-01  1.187E+00  3.576E+01  3.58939E-06  2.57043E+01  1.559E+01
  71500    112.083  1.42E-03  2.293E-01  1.103E+00  3.576E+01  3.59326E-06  2.57269E+01  1.696E+01
  71600    112.232  1.51E-03  2.309E-01  1.215E+00  3.576E+01  3.59561E-06  2.57221E+01  1.596E+01
  71700    112.397  1.71E-03  2.338E-01  1.063E+00  3.576E+01  3.59690E-06  2.57048E+01  1.414E+01
  71800    112.546  1.28E-03  2.329E-01  1.687E+00  3.576E+01  3.59650E-06  2.57131E+01  1.892E+01
  71900    112.688  1.51E-03  2.324E-01  1.243E+00  3.576E+01  3.59634E-06  2.57364E+01  1.599E+01
  72000    112.837  1.51E-03  2.330E-01  1.029E+00  3.576E+01  3.59864E-06  2.57322E+01  1.597E+01
  72100    112.991  1.37E-03  2.331E-01  1.402E+00  3.576E+01  3.60199E-06  2.57120E+01  1.767E+01
  72200    113.139  1.62E-03  2.321E-01  1.266E+00  3.576E+01  3.60197E-06  2.56990E+01  1.487E+01
  72300    113.289  1.29E-03  2.334E-01  1.804E+00  3.576E+01  3.59977E-06  2.57084E+01  1.868E+01
  72400    113.440  1.60E-03  2.343E-01  1.046E+00  3.576E+01  3.59846E-06  2.56913E+01  1.507E+01
  72500    113.596  1.62E-03  2.348E-01  9.847E-01  3.576E+01  3.59826E-06  2.56608E+01  1.492E+01
  72600    113.758  1.57E-03  2.331E-01  1.048E+00  3.576E+01  3.59646E-06  2.56663E+01  1.535E+01
  72700    113.913  1.32E-03  2.348E-01  1.725E+00  3.576E+01  3.59507E-06  2.57058E+01  1.833E+01
  72800    114.054  1.70E-03  2.354E-01  9.349E-01  3.576E+01  3.59693E-06  2.57344E+01  1.419E+01
  72900    114.217  1.65E-03  2.358E-01  1.033E+00  3.576E+01  3.59934E-06  2.57250E+01  1.468E+01
  73000    114.382  1.63E-03  2.334E-01  9.553E-01  3.576E+01  3.59864E-06  2.56992E+01  1.479E+01
  73100    114.539  1.64E-03  2.313E-01  9.051E-01  3.576E+01  3.59567E-06  2.56975E+01  1.475E+01
  73200    114.701  1.70E-03  2.309E-01  9.445E-01  3.576E+01  3.59302E-06  2.56825E+01  1.418E+01
  73300    114.870  1.75E-03  2.323E-01  1.038E+00  3.576E+01  3.59006E-06  2.56543E+01  1.381E+01
  73400    115.031  1.44E-03  2.297E-01  1.225E+00  3.576E+01  3.58445E-06  2.56887E+01  1.678E+01
  73500    115.184  1.62E-03  2.279E-01  9.956E-01  3.576E+01  3.57734E-06  2.57267E+01  1.494E+01
  73600    115.350  1.66E-03  2.300E-01  1.111E+00  3.576E+01  3.57027E-06  2.57133E+01  1.457E+01
  73700    115.509  1.59E-03  2.295E-01  1.210E+00  3.576E+01  3.56453E-06  2.57069E+01  1.520E+01
  73800    115.662  1.60E-03  2.295E-01  9.960E-01  3.576E+01  3.55833E-06  2.57023E+01  1.505E+01
  73900    115.821  1.70E-03  2.296E-01  9.448E-01  3.576E+01  3.54883E-06  2.56843E+01  1.418E+01
  74000    115.982  1.60E-03  2.320E-01  1.003E+00  3.576E+01  3.53745E-06  2.56746E+01  1.510E+01
  74100    116.136  1.44E-03  2.331E-01  1.107E+00  3.576E+01  3.52836E-06  2.56931E+01  1.680E+01
  74200    116.285  1.39E-03  2.314E-01  1.306E+00  3.576E+01  3.51990E-06  2.57330E+01  1.744E+01
  74300    116.428  1.33E-03  2.322E-01  1.750E+00  3.576E+01  3.51161E-06  2.57648E+01  1.810E+01
  74400    116.572  1.47E-03  2.300E-01  1.213E+00  3.576E+01  3.50319E-06  2.57683E+01  1.647E+01
  74500    116.722  1.51E-03  2.306E-01  1.116E+00  3.576E+01  3.49510E-06  2.57573E+01  1.599E+01
  74600    116.882  1.54E-03  2.297E-01  1.187E+00  3.576E+01  3.48649E-06  2.57588E+01  1.568E+01
  74700    117.030  1.48E-03  2.288E-01  9.906E-01  3.576E+01  3.47855E-06  2.57324E+01  1.629E+01
  74800    117.172  1.42E-03  2.276E-01  1.496E+00  3.576E+01  3.46999E-06  2.57093E+01  1.705E+01
  74900    117.322  1.39E-03  2.268E-01  1.233E+00  3.576E+01  3.46043E-06  2.56993E+01  1.742E+01
  75000    117.472  1.54E-03  2.260E-01  1.089E+00  3.576E+01  3.45332E-06  2.57004E+01  1.566E+01
  75100    117.630  1.59E-03  2.265E-01  1.128E+00  3.576E+01  3.44864E-06  2.56917E+01  1.520E+01
  75200    117.784  1.50E-03  2.264E-01  9.887E-01  3.576E+01  3.44413E-06  2.56996E+01  1.611E+01
  75300    117.950  1.76E-03  2.255E-01  9.660E-01  3.576E+01  3.43881E-06  2.57085E+01  1.373E+01
  75400    118.123  1.73E-03  2.248E-01  9.996E-01  3.576E+01  3.43445E-06  2.56932E+01  1.392E+01
  75500    118.286  1.60E-03  2.265E-01  1.055E+00  3.576E+01  3.42989E-06  2.56946E+01  1.506E+01
  75600    118.442  1.61E-03  2.261E-01  9.441E-01  3.576E+01  3.42464E-06  2.57199E+01  1.496E+01
  75700    118.609  1.64E-03  2.249E-01  1.039E+00  3.576E+01  3.41958E-06  2.57099E+01  1.473E+01
  75800    118.766  1.61E-03  2.275E-01  1.065E+00  3.576E+01  3.41467E-06  2.57089E+01  1.500E+01
  75900    118.934  1.60E-03  2.274E-01  9.090E-01  3.576E+01  3.41054E-06  2.57109E+01  1.512E+01
  76000    119.088  1.55E-03  2.270E-01  1.079E+00  3.576E+01  3.40793E-06  2.56847E+01  1.562E+01
  76100    119.233  1.37E-03  2.289E-01  1.489E+00  3.576E+01  3.40580E-06  2.56796E+01  1.758E+01
  76200    119.372  1.33E-03  2.283E-01  1.556E+00  3.576E+01  3.40328E-06  2.56969E+01  1.819E+01
  76300    119.517  1.47E-03  2.278E-01  1.496E+00  3.576E+01  3.40104E-06  2.57283E+01  1.644E+01
  76400    119.659  1.47E-03  2.288E-01  1.146E+00  3.576E+01  3.39877E-06  2.57536E+01  1.645E+01
  76500    119.818  1.69E-03  2.308E-01  1.316E+00  3.576E+01  3.39553E-06  2.57492E+01  1.430E+01
  76600    119.973  1.36E-03  2.294E-01  1.523E+00  3.576E+01  3.39253E-06  2.57371E+01  1.775E+01
  76700    120.113  1.40E-03  2.304E-01  1.308E+00  3.576E+01  3.39103E-06  2.57338E+01  1.720E+01
  76800    120.259  1.41E-03  2.316E-01  1.297E+00  3.576E+01  3.39221E-06  2.57230E+01  1.718E+01
  76900    120.401  1.58E-03  2.300E-01  9.665E-01  3.576E+01  3.39438E-06  2.56997E+01  1.531E+01
  77000    120.542  1.43E-03  2.292E-01  1.138E+00  3.576E+01  3.39760E-06  2.56863E+01  1.683E+01
  77100    120.689  1.29E-03  2.278E-01  1.512E+00  3.576E+01  3.40025E-06  2.56939E+01  1.869E+01
  77200    120.843  1.72E-03  2.249E-01  9.124E-01  3.576E+01  3.40064E-06  2.57032E+01  1.406E+01
  77300    121.008  1.37E-03  2.240E-01  1.459E+00  3.576E+01  3.39835E-06  2.57191E+01  1.758E+01
  77400    121.164  1.68E-03  2.213E-01  1.025E+00  3.576E+01  3.39571E-06  2.57217E+01  1.437E+01
  77500    121.323  1.47E-03  2.197E-01  9.812E-01  3.576E+01  3.39227E-06  2.57044E+01  1.639E+01
  77600    121.479  1.58E-03  2.192E-01  1.208E+00  3.576E+01  3.38764E-06  2.56809E+01  1.533E+01
  77700    121.637  1.61E-03  2.185E-01  9.129E-01  3.576E+01  3.38288E-06  2.56568E+01  1.499E+01
  77800    121.800  1.67E-03  2.178E-01  9.853E-01  3.576E+01  3.37820E-06  2.56604E+01  1.446E+01
  77900    121.964  1.64E-03  2.199E-01  9.944E-01  3.576E+01  3.37294E-06  2.56850E+01  1.471E+01
  78000    122.120  1.63E-03  2.182E-01  9.838E-01  3.576E+01  3.36777E-06  2.57416E+01  1.481E+01
  78100    122.276  1.49E-03  2.186E-01  1.117E+00  3.576E+01  3.36204E-06  2.57905E+01  1.623E+01
  78200    122.440  1.74E-03  2.192E-01  1.029E+00  3.576E+01  3.35645E-06  2.58163E+01  1.388E+01
  78300    122.604  1.65E-03  2.190E-01  1.237E+00  3.576E+01  3.34970E-06  2.57970E+01  1.460E+01
  78400    122.762  1.65E-03  2.195E-01  1.174E+00  3.576E+01  3.34445E-06  2.57676E+01  1.461E+01
  78500    122.925  1.53E-03  2.181E-01  1.246E+00  3.576E+01  3.34135E-06  2.57472E+01  1.574E+01
  78600    123.073  1.66E-03  2.182E-01  1.435E+00  3.576E+01  3.34036E-06  2.57367E+01  1.452E+01
  78700    123.224  1.46E-03  2.190E-01  1.098E+00  3.576E+01  3.34065E-06  2.57429E+01  1.660E+01
  78800    123.371  1.34E-03  2.177E-01  1.371E+00  3.576E+01  3.33958E-06  2.57450E+01  1.804E+01
  78900    123.527  1.63E-03  2.171E-01  1.003E+00  3.576E+01  3.33832E-06  2.57105E+01  1.485E+01
  79000    123.686  1.44E-03  2.180E-01  1.170E+00  3.576E+01  3.33716E-06  2.57096E+01  1.677E+01
  79100    123.822  1.40E-03  2.195E-01  1.159E+00  3.576E+01  3.33676E-06  2.57326E+01  1.721E+01
  79200    123.973  1.56E-03  2.213E-01  1.331E+00  3.576E+01  3.33753E-06  2.57316E+01  1.551E+01
  79300    124.127  1.63E-03  2.254E-01  1.132E+00  3.576E+01  3.34023E-06  2.56989E+01  1.477E+01
  79400    124.264  1.12E-03  2.246E-01  2.219E+00  3.576E+01  3.34399E-06  2.56914E+01  2.158E+01
  79500    124.387  1.40E-03  2.217E-01  1.137E+00  3.575E+01  3.34780E-06  2.57079E+01  1.727E+01
  79600    124.542  1.56E-03  2.219E-01  9.899E-01  3.575E+01  3.35318E-06  2.57064E+01  1.551E+01
  79700    124.697  1.56E-03  2.216E-01  1.149E+00  3.575E+01  3.35751E-06  2.56969E+01  1.547E+01
  79800    124.845  1.66E-03  2.209E-01  1.152E+00  3.575E+01  3.35888E-06  2.57133E+01  1.452E+01
  79900    125.006  1.44E-03  2.215E-01  1.467E+00  3.575E+01  3.36081E-06  2.57314E+01  1.677E+01
  80000    125.165  1.59E-03  2.213E-01  1.316E+00  3.576E+01  3.36488E-06  2.57409E+01  1.518E+01
  80100    125.317  1.59E-03  2.200E-01  1.209E+00  3.576E+01  3.36557E-06  2.57629E+01  1.523E+01
  80200    125.469  1.53E-03  2.206E-01  1.541E+00  3.576E+01  3.36582E-06  2.57635E+01  1.579E+01
  80300    125.604  1.53E-03  2.195E-01  1.222E+00  3.575E+01  3.36543E-06  2.57480E+01  1.581E+01
  80400    125.749  1.51E-03  2.182E-01  1.091E+00  3.575E+01  3.36703E-06  2.57371E+01  1.598E+01
  80500    125.898  1.55E-03  2.184E-01  1.071E+00  3.575E+01  3.37055E-06  2.57116E+01  1.556E+01
  80600    126.045  1.39E-03  2.199E-01  1.407E+00  3.575E+01  3.37559E-06  2.56971E+01  1.740E+01
  80700    126.194  1.65E-03  2.190E-01  8.696E-01  3.575E+01  3.37967E-06  2.56779E+01  1.462E+01
  80800    126.358  1.57E-03  2.223E-01  1.010E+00  3.575E+01  3.38441E-06  2.56653E+01  1.534E+01
  80900    126.519  1.60E-03  2.207E-01  1.087E+00  3.575E+01  3.38851E-06  2.56916E+01  1.508E+01
  81000    126.666  1.53E-03  2.227E-01  1.184E+00  3.575E+01  3.39138E-06  2.57050E+01  1.582E+01
  81100    126.824  1.60E-03  2.254E-01  1.179E+00  3.576E+01  3.39488E-06  2.57388E+01  1.508E+01
  81200    126.993  1.71E-03  2.242E-01  1.358E+00  3.575E+01  3.40111E-06  2.57361E+01  1.408E+01
  81300    127.139  1.32E-03  2.226E-01  1.564E+00  3.575E+01  3.40685E-06  2.57197E+01  1.827E+01
  81400    127.266  1.29E-03  2.221E-01  1.452E+00  3.575E+01  3.41011E-06  2.57040E+01  1.875E+01
  81500    127.408  1.49E-03  2.205E-01  1.151E+00  3.575E+01  3.41197E-06  2.56827E+01  1.620E+01
