     -2.61799      5.23599     -2.09439
     -2.60749      5.21848     -2.08739
     -2.59698      5.20096     -2.08039
     -2.58647      5.18345     -2.07338
     -2.57597      5.16594     -2.06638
     -2.56546      5.14843     -2.05937
     -2.55495      5.13092     -2.05237
     -2.54444      5.11340     -2.04536
     -2.53394      5.09589     -2.03836
     -2.52343      5.07838     -2.03135
     -2.51292      5.06087     -2.02435
     -2.50242      5.04336     -2.01734
     -2.49191      5.02585     -2.01034
     -2.48140      5.00833     -2.00333
     -2.47090      4.99082     -1.99633
     -2.46039      4.97331     -1.98932
     -2.44988      4.95580     -1.98232
     -2.43937      4.93829     -1.97531
     -2.42887      4.92077     -1.96831
     -2.41836      4.90326     -1.96131
     -2.40785      4.88575     -1.95430
     -2.39735      4.86824     -1.94730
     -2.38684      4.85073     -1.94029
     -2.37633      4.83322     -1.93329
     -2.36583      4.81570     -1.92628
     -2.35532      4.79819     -1.91928
     -2.34481      4.78068     -1.91227
     -2.33430      4.76317     -1.90527
     -2.32380      4.74566     -1.89826
     -2.31329      4.72814     -1.89126
     -2.30278      4.71063     -1.88425
     -2.29228      4.69312     -1.87725
     -2.28177      4.67561     -1.87024
     -2.27126      4.65810     -1.86324
     -2.26076      4.64058     -1.85623
     -2.25025      4.62307     -1.84923
     -2.23974      4.60556     -1.84222
     -2.22923      4.58805     -1.83522
     -2.21873      4.57054     -1.82822
     -2.20822      4.55303     -1.82121
     -2.19771      4.53551     -1.81421
     -2.18721      4.51800     -1.80720
     -2.17670      4.50049     -1.80020
     -2.16619      4.48298     -1.79319
     -2.15569      4.46547     -1.78619
     -2.14518      4.44795     -1.77918
     -2.13467      4.43044     -1.77218
     -2.12416      4.41293     -1.76517
     -2.11366      4.39542     -1.75817
     -2.10315      4.37791     -1.75116
     -2.09264      4.36040     -1.74416
     -2.08214      4.34288     -1.73715
     -2.07163      4.32537     -1.73015
     -2.06112      4.30786     -1.72314
     -2.05062      4.29035     -1.71614
     -2.04011      4.27284     -1.70913
     -2.02960      4.25532     -1.70213
     -2.01909      4.23781     -1.69512
     -2.00859      4.22030     -1.68812
     -1.99808      4.20279     -1.68112
     -1.98757      4.18528     -1.67411
     -1.97707      4.16777     -1.66711
     -1.96656      4.15025     -1.66010
     -1.95605      4.13274     -1.65310
     -1.94555      4.11523     -1.64609
     -1.93504      4.09772     -1.63909
     -1.92453      4.08021     -1.63208
     -1.91402      4.06269     -1.62508
     -1.90352      4.04518     -1.61807
     -1.89301      4.02767     -1.61107
     -1.88250      4.01016     -1.60406
     -1.87200      3.99265     -1.59706
     -1.86149      3.97514     -1.59005
     -1.85098      3.95762     -1.58305
     -1.84048      3.94011     -1.57604
     -1.82997      3.92260     -1.56904
     -1.81946      3.90509     -1.56203
     -1.80895      3.88758     -1.55503
     -1.79845      3.87006     -1.54803
     -1.78794      3.85255     -1.54102
     -1.77743      3.83504     -1.53402
     -1.76693      3.81753     -1.52701
     -1.75642      3.80002     -1.52001
     -1.74591      3.78250     -1.51300
     -1.73541      3.76499     -1.50600
     -1.72490      3.74748     -1.49899
     -1.71439      3.72997     -1.49199
     -1.70388      3.71246     -1.48498
     -1.69338      3.69495     -1.47798
     -1.68287      3.67743     -1.47097
     -1.67236      3.65992     -1.46397
     -1.66186      3.64241     -1.45696
     -1.65135      3.62490     -1.44996
     -1.64084      3.60739     -1.44295
     -1.63034      3.58987     -1.43595
     -1.61983      3.57236     -1.42894
     -1.60932      3.55485     -1.42194
     -1.59881      3.53734     -1.41494
     -1.58831      3.51983     -1.40793
     -1.57780      3.50232     -1.40093
     -1.56729      3.48480     -1.39392
     -1.55679      3.46729     -1.38692
     -1.54628      3.44978     -1.37991
     -1.53577      3.43227     -1.37291
     -1.52527      3.41476     -1.36590
     -1.51476      3.39724     -1.35890
     -1.50425      3.37973     -1.35189
     -1.49375      3.36222     -1.34489
     -1.48324      3.34471     -1.33788
     -1.47273      3.32720     -1.33088
     -1.46222      3.30968     -1.32387
     -1.45172      3.29217     -1.31687
     -1.44121      3.27466     -1.30986
     -1.43070      3.25715     -1.30286
     -1.42020      3.23964     -1.29585
     -1.40969      3.22213     -1.28885
     -1.39918      3.20461     -1.28185
     -1.38868      3.18710     -1.27484
     -1.37817      3.16959     -1.26784
     -1.36766      3.15208     -1.26083
     -1.35715      3.13457     -1.25383
     -1.34665      3.11705     -1.24682
     -1.33614      3.09954     -1.23982
     -1.32563      3.08203     -1.23281
     -1.31513      3.06452     -1.22581
     -1.30462      3.04701     -1.21880
     -1.29411      3.02950     -1.21180
     -1.28360      3.01198     -1.20479
     -1.27310      2.99447     -1.19779
     -1.26259      2.97696     -1.19078
     -1.25208      2.95945     -1.18378
     -1.24158      2.94194     -1.17677
     -1.23107      2.92442     -1.16977
     -1.22056      2.90691     -1.16276
     -1.21006      2.88940     -1.15576
     -1.19955      2.87189     -1.14876
     -1.18904      2.85438     -1.14175
     -1.17853      2.83687     -1.13475
     -1.16803      2.81935     -1.12774
     -1.15752      2.80184     -1.12074
     -1.14701      2.78433     -1.11373
     -1.13651      2.76682     -1.10673
     -1.12600      2.74931     -1.09972
     -1.11549      2.73179     -1.09272
     -1.10499      2.71428     -1.08571
     -1.09448      2.69677     -1.07871
     -1.08397      2.67926     -1.07170
     -1.07346      2.66175     -1.06470
     -1.06296      2.64423     -1.05769
     -1.05245      2.62672     -1.05069
     -1.04194      2.60921     -1.04368
     -1.03144      2.59170     -1.03668
     -1.02093      2.57419     -1.02967
     -1.01042      2.55668     -1.02267
    -0.999916      2.53916     -1.01567
    -0.989409      2.52165     -1.00866
    -0.978902      2.50414     -1.00166
    -0.968395      2.48663    -0.994651
    -0.957888      2.46912    -0.987647
    -0.947381      2.45160    -0.980642
    -0.936874      2.43409    -0.973637
    -0.926367      2.41658    -0.966632
    -0.915860      2.39907    -0.959628
    -0.905353      2.38156    -0.952623
    -0.894846      2.36405    -0.945618
    -0.884339      2.34653    -0.938613
    -0.873832      2.32902    -0.931609
    -0.863325      2.31151    -0.924604
    -0.852818      2.29400    -0.917599
    -0.842311      2.27649    -0.910594
    -0.831804      2.25897    -0.903590
    -0.821297      2.24146    -0.896585
    -0.810790      2.22395    -0.889580
    -0.800283      2.20644    -0.882575
    -0.789776      2.18893    -0.875571
    -0.779269      2.17142    -0.868566
    -0.768762      2.15390    -0.861561
    -0.758255      2.13639    -0.854557
    -0.747748      2.11888    -0.847552
    -0.737241      2.10137    -0.840547
    -0.726734      2.08386    -0.833542
    -0.716227      2.06634    -0.826538
    -0.705720      2.04883    -0.819533
    -0.695213      2.03132    -0.812528
    -0.684706      2.01381    -0.805523
    -0.674199      1.99630    -0.798519
    -0.663692      1.97878    -0.791514
    -0.653185      1.96127    -0.784509
    -0.642678      1.94376    -0.777504
    -0.632171      1.92625    -0.770500
    -0.621664      1.90874    -0.763495
    -0.611157      1.89123    -0.756490
    -0.600650      1.87371    -0.749485
    -0.590143      1.85620    -0.742481
    -0.579636      1.83869    -0.735476
    -0.569129      1.82118    -0.728471
    -0.558622      1.80367    -0.721466
    -0.548115      1.78615    -0.714462
    -0.537608      1.76864    -0.707457
    -0.527101      1.75113    -0.700452
    -0.516594      1.73362    -0.693448
    -0.506087      1.71611    -0.686443
    -0.495580      1.69860    -0.679438
    -0.485073      1.68108    -0.672433
    -0.474566      1.66357    -0.665429
    -0.464059      1.64606    -0.658424
    -0.453552      1.62855    -0.651419
    -0.443045      1.61104    -0.644414
    -0.432538      1.59352    -0.637410
    -0.422031      1.57601    -0.630405
    -0.411524      1.55850    -0.623400
    -0.401017      1.54099    -0.616395
    -0.390510      1.52348    -0.609391
    -0.380003      1.50596    -0.602386
    -0.369496      1.48845    -0.595381
    -0.358989      1.47094    -0.588376
    -0.348482      1.45343    -0.581372
    -0.337975      1.43592    -0.574367
    -0.327468      1.41841    -0.567362
    -0.316961      1.40089    -0.560358
    -0.306454      1.38338    -0.553353
    -0.295947      1.36587    -0.546348
    -0.285440      1.34836    -0.539343
    -0.274933      1.33085    -0.532339
    -0.264426      1.31333    -0.525334
    -0.253919      1.29582    -0.518329
    -0.243412      1.27831    -0.511324
    -0.232905      1.26080    -0.504320
    -0.222398      1.24329    -0.497315
    -0.211891      1.22578    -0.490310
    -0.201384      1.20826    -0.483305
    -0.190877      1.19075    -0.476301
    -0.180370      1.17324    -0.469296
    -0.169863      1.15573    -0.462291
    -0.159356      1.13822    -0.455285
    -0.148849      1.12070    -0.448279
    -0.138342      1.10318    -0.441268
    -0.127835      1.08566    -0.434247
    -0.117328      1.06810    -0.427196
    -0.106821      1.05045    -0.420058
   -0.0963142      1.03256    -0.412672
   -0.0858071      1.01398    -0.404578
   -0.0753002     0.993393    -0.394467
   -0.0647931     0.967159    -0.378645
   -0.0542862     0.925221    -0.346943
   -0.0437794     0.841730    -0.273233
   -0.0332723     0.661513    -0.101747
   -0.0227654     0.312956     0.239947
   -0.0122583    -0.198723     0.747040
  -0.00175142    -0.721330      1.26689
   0.00875592     -1.08877      1.63259
    0.0192628     -1.27686      1.81937
    0.0297699     -1.35570      1.89706
    0.0402768     -1.38623      1.92652
    0.0507839     -1.39829      1.93752
    0.0612907     -1.40368      1.94185
    0.0717976     -1.40671      1.94382
    0.0823047     -1.40890      1.94497
    0.0928116     -1.41081      1.94583
     0.103319     -1.41262      1.94658
     0.113826     -1.41439      1.94730
     0.124333     -1.41615      1.94801
     0.134840     -1.41790      1.94871
     0.145347     -1.41965      1.94941
     0.155854     -1.42140      1.95011
     0.166361     -1.42315      1.95081
     0.176868     -1.42491      1.95151
     0.187375     -1.42666      1.95221
     0.197882     -1.42841      1.95291
     0.208389     -1.43016      1.95361
     0.218896     -1.43191      1.95432
     0.229403     -1.43366      1.95502
     0.239910     -1.43541      1.95572
     0.250417     -1.43716      1.95642
     0.260924     -1.43892      1.95712
     0.271431     -1.44067      1.95782
     0.281938     -1.44242      1.95852
     0.292445     -1.44417      1.95922
     0.302952     -1.44592      1.95992
     0.313459     -1.44767      1.96062
     0.323966     -1.44942      1.96132
     0.334473     -1.45117      1.96202
     0.344980     -1.45293      1.96272
     0.355487     -1.45468      1.96342
     0.365994     -1.45643      1.96412
     0.376501     -1.45818      1.96482
     0.387008     -1.45993      1.96552
     0.397515     -1.46168      1.96622
     0.408022     -1.46343      1.96692
     0.418529     -1.46519      1.96763
     0.429036     -1.46694      1.96833
     0.439543     -1.46869      1.96903
     0.450050     -1.47044      1.96973
     0.460557     -1.47219      1.97043
     0.471064     -1.47394      1.97113
     0.481571     -1.47569      1.97183
     0.492078     -1.47744      1.97253
     0.502585     -1.47920      1.97323
     0.513092     -1.48095      1.97393
     0.523599     -1.48270      1.97463
