        2478      6.12000
     -6.74701     -6.74701     -6.74701     -6.74701     -6.74701     -6.74701
     -6.74701     -6.74701     -6.74701     -6.74701     -6.74701     -6.74701
     -6.35401     -6.35401     -6.35401     -6.35401     -6.35401     -6.35401
     -6.35401     -6.35401     -6.35401     -6.35401     -6.35401     -6.35401
     -6.35401     -6.35401     -6.35401     -6.35401     -6.35401     -6.35401
     -6.35401     -6.35401     -6.35401     -6.35401     -6.35401     -6.35401
     -6.35401     -6.35401     -6.35401     -5.96101     -5.96101     -5.96101
     -5.96101     -5.96101     -5.96101     -5.96101     -5.96101     -5.96101
     -5.96101     -5.96101     -5.96101     -5.96101     -5.96101     -5.96101
     -5.96101     -5.96101     -5.96101     -5.96101     -5.96101     -5.96101
     -5.96101     -5.96101     -5.96101     -5.96101     -5.96101     -5.96101
     -5.96101     -5.96101     -5.96101     -5.96101     -5.96101     -5.96101
     -5.96101     -5.96101     -5.96101     -5.96101     -5.96101     -5.96101
     -5.96101     -5.96101     -5.96101     -5.96101     -5.96101     -5.96101
     -5.96101     -5.56801     -5.56801     -5.56801     -5.56801     -5.56801
     -5.56801     -5.56801     -5.56801     -5.56801     -5.56801     -5.56801
     -5.56801     -5.56801     -5.56801     -5.56801     -5.56801     -5.56801
     -5.56801     -5.56801     -5.56801     -5.56801     -5.56801     -5.56801
     -5.56801     -5.56801     -5.56801     -5.56801     -5.56801     -5.56801
     -5.56801     -5.56801     -5.56801     -5.56801     -5.56801     -5.56801
     -5.56801     -5.56801     -5.56801     -5.56801     -5.56801     -5.56801
     -5.56801     -5.56801     -5.56801     -5.56801     -5.56801     -5.56801
     -5.56801     -5.56801     -5.56801     -5.56801     -5.56801     -5.56801
     -5.56801     -5.56801     -5.56801     -5.56801     -5.56801     -5.17500
     -5.17500     -5.17500     -5.17500     -5.17500     -5.17500     -5.17500
     -5.17500     -5.17500     -5.17500     -5.17500     -5.17500     -5.17500
     -5.17500     -5.17500     -5.17500     -5.17500     -5.17500     -5.17500
     -5.17500     -5.17500     -5.17500     -5.17500     -5.17500     -5.17500
     -5.17500     -5.17500     -5.17500     -5.17500     -5.17500     -5.17500
     -5.17500     -5.17500     -5.17500     -5.17500     -5.17500     -5.17500
     -5.17500     -5.17500     -5.17500     -5.17500     -5.17500     -5.17500
     -5.17500     -5.17500     -5.17500     -5.17500     -5.17500     -5.17500
     -5.17500     -5.17500     -5.17500     -5.17500     -5.17500     -5.17500
     -5.17500     -5.17500     -5.17500     -5.17500     -5.17500     -5.17500
     -5.17500     -5.17500     -5.17500     -5.17500     -5.17500     -5.17500
     -5.17500     -5.17500     -5.17500     -5.17500     -5.17500     -5.17500
     -5.17500     -5.17500     -5.17500     -4.78200     -4.78200     -4.78200
     -4.78200     -4.78200     -4.78200     -4.78200     -4.78200     -4.78200
     -4.78200     -4.78200     -4.78200     -4.78200     -4.78200     -4.78200
     -4.78200     -4.78200     -4.78200     -4.78200     -4.78200     -4.78200
     -4.78200     -4.78200     -4.78200     -4.78200     -4.78200     -4.78200
     -4.78200     -4.78200     -4.78200     -4.78200     -4.78200     -4.78200
     -4.78200     -4.78200     -4.78200     -4.78200     -4.78200     -4.78200
     -4.78200     -4.78200     -4.78200     -4.78200     -4.78200     -4.78200
     -4.78200     -4.78200     -4.78200     -4.78200     -4.78200     -4.78200
     -4.78200     -4.78200     -4.78200     -4.78200     -4.78200     -4.78200
     -4.78200     -4.78200     -4.78200     -4.78200     -4.78200     -4.78200
     -4.78200     -4.78200     -4.78200     -4.78200     -4.78200     -4.78200
     -4.78200     -4.78200     -4.78200     -4.78200     -4.78200     -4.78200
     -4.78200     -4.78200     -4.78200     -4.78200     -4.78200     -4.38900
     -4.38900     -4.38900     -4.38900     -4.38900     -4.38900     -4.38900
     -4.38900     -4.38900     -4.38900     -4.38900     -4.38900     -4.38900
     -4.38900     -4.38900     -4.38900     -4.38900     -4.38900     -4.38900
     -4.38900     -4.38900     -4.38900     -4.38900     -4.38900     -4.38900
     -4.38900     -4.38900     -4.38900     -4.38900     -4.38900     -4.38900
     -4.38900     -4.38900     -4.38900     -4.38900     -4.38900     -4.38900
     -4.38900     -4.38900     -4.38900     -4.38900     -4.38900     -4.38900
     -4.38900     -4.38900     -4.38900     -4.38900     -4.38900     -4.38900
     -4.38900     -4.38900     -4.38900     -4.38900     -4.38900     -4.38900
     -4.38900     -4.38900     -4.38900     -4.38900     -4.38900     -4.38900
     -4.38900     -4.38900     -4.38900     -4.38900     -4.38900     -4.38900
     -4.38900     -4.38900     -4.38900     -4.38900     -4.38900     -4.38900
     -4.38900     -4.38900     -4.38900     -4.38900     -4.38900     -3.99600
     -3.99600     -3.99600     -3.99600     -3.99600     -3.99600     -3.99600
     -3.99600     -3.99600     -3.99600     -3.99600     -3.99600     -3.99600
     -3.99600     -3.99600     -3.99600     -3.99600     -3.99600     -3.99600
     -3.99600     -3.99600     -3.99600     -3.99600     -3.99600     -3.99600
     -3.99600     -3.99600     -3.99600     -3.99600     -3.99600     -3.99600
     -3.99600     -3.99600     -3.99600     -3.99600     -3.99600     -3.99600
     -3.99600     -3.99600     -3.99600     -3.99600     -3.99600     -3.99600
     -3.99600     -3.99600     -3.99600     -3.99600     -3.99600     -3.99600
     -3.99600     -3.99600     -3.99600     -3.99600     -3.99600     -3.99600
     -3.99600     -3.99600     -3.99600     -3.99600     -3.99600     -3.99600
     -3.99600     -3.99600     -3.99600     -3.99600     -3.99600     -3.99600
     -3.99600     -3.99600     -3.99600     -3.99600     -3.99600     -3.99600
     -3.99600     -3.99600     -3.99600     -3.99600     -3.99600     -3.99600
     -3.99600     -3.99600     -3.99600     -3.99600     -3.99600     -3.60300
     -3.60300     -3.60300     -3.60300     -3.60300     -3.60300     -3.60300
     -3.60300     -3.60300     -3.60300     -3.60300     -3.60300     -3.60300
     -3.60300     -3.60300     -3.60300     -3.60300     -3.60300     -3.60300
     -3.60300     -3.60300     -3.60300     -3.60300     -3.60300     -3.60300
     -3.60300     -3.60300     -3.60300     -3.60300     -3.60300     -3.60300
     -3.60300     -3.60300     -3.60300     -3.60300     -3.60300     -3.60300
     -3.60300     -3.60300     -3.60300     -3.60300     -3.60300     -3.60300
     -3.60300     -3.60300     -3.60300     -3.60300     -3.60300     -3.60300
     -3.60300     -3.60300     -3.60300     -3.60300     -3.60300     -3.60300
     -3.60300     -3.60300     -3.60300     -3.60300     -3.60300     -3.60300
     -3.60300     -3.60300     -3.60300     -3.60300     -3.60300     -3.60300
     -3.60300     -3.60300     -3.60300     -3.60300     -3.60300     -3.60300
     -3.60300     -3.60300     -3.60300     -3.60300     -3.60300     -3.60300
     -3.60300     -3.60300     -3.21000     -3.21000     -3.21000     -3.21000
     -3.21000     -3.21000     -3.21000     -3.21000     -3.21000     -3.21000
     -3.21000     -3.21000     -3.21000     -3.21000     -3.21000     -3.21000
     -3.21000     -3.21000     -3.21000     -3.21000     -3.21000     -3.21000
     -3.21000     -3.21000     -3.21000     -3.21000     -3.21000     -3.21000
     -3.21000     -3.21000     -3.21000     -3.21000     -3.21000     -3.21000
     -3.21000     -3.21000     -3.21000     -3.21000     -3.21000     -3.21000
     -3.21000     -3.21000     -3.21000     -3.21000     -3.21000     -3.21000
     -3.21000     -3.21000     -3.21000     -3.21000     -3.21000     -3.21000
     -3.21000     -3.21000     -3.21000     -3.21000     -3.21000     -3.21000
     -3.21000     -3.21000     -3.21000     -3.21000     -3.21000     -3.21000
     -3.21000     -3.21000     -3.21000     -3.21000     -3.21000     -3.21000
     -3.21000     -3.21000     -3.21000     -3.21000     -3.21000     -3.21000
     -3.21000     -3.21000     -3.21000     -3.21000     -2.81700     -2.81700
     -2.81700     -2.81700     -2.81700     -2.81700     -2.81700     -2.81700
     -2.81700     -2.81700     -2.81700     -2.81700     -2.81700     -2.81700
     -2.81700     -2.81700     -2.81700     -2.81700     -2.81700     -2.81700
     -2.81700     -2.81700     -2.81700     -2.81700     -2.81700     -2.81700
     -2.81700     -2.81700     -2.81700     -2.81700     -2.81700     -2.81700
     -2.81700     -2.81700     -2.81700     -2.81700     -2.81700     -2.81700
     -2.81700     -2.81700     -2.81700     -2.81700     -2.81700     -2.81700
     -2.81700     -2.81700     -2.81700     -2.81700     -2.81700     -2.81700
     -2.81700     -2.81700     -2.81700     -2.81700     -2.81700     -2.81700
     -2.81700     -2.81700     -2.81700     -2.81700     -2.81700     -2.81700
     -2.81700     -2.81700     -2.81700     -2.81700     -2.81700     -2.81700
     -2.81700     -2.81700     -2.81700     -2.81700     -2.81700     -2.81700
     -2.81700     -2.81700     -2.81700     -2.81700     -2.81700     -2.81700
     -2.42400     -2.42400     -2.42400     -2.42400     -2.42400     -2.42400
     -2.42400     -2.42400     -2.42400     -2.42400     -2.42400     -2.42400
     -2.42400     -2.42400     -2.42400     -2.42400     -2.42400     -2.42400
     -2.42400     -2.42400     -2.42400     -2.42400     -2.42400     -2.42400
     -2.42400     -2.42400     -2.42400     -2.42400     -2.42400     -2.42400
     -2.42400     -2.42400     -2.42400     -2.42400     -2.42400     -2.42400
     -2.42400     -2.42400     -2.42400     -2.42400     -2.42400     -2.42400
     -2.42400     -2.42400     -2.42400     -2.42400     -2.42400     -2.42400
     -2.42400     -2.42400     -2.42400     -2.42400     -2.42400     -2.42400
     -2.42400     -2.42400     -2.42400     -2.42400     -2.42400     -2.42400
     -2.42400     -2.42400     -2.42400     -2.42400     -2.42400     -2.42400
     -2.42400     -2.42400     -2.42400     -2.42400     -2.42400     -2.42400
     -2.42400     -2.42400     -2.42400     -2.42400     -2.03100     -2.03100
     -2.03100     -2.03100     -2.03100     -2.03100     -2.03100     -2.03100
     -2.03100     -2.03100     -2.03100     -2.03100     -2.03100     -2.03100
     -2.03100     -2.03100     -2.03100     -2.03100     -2.03100     -2.03100
     -2.03100     -2.03100     -2.03100     -2.03100     -2.03100     -2.03100
     -2.03100     -2.03100     -2.03100     -2.03100     -2.03100     -2.03100
     -2.03100     -2.03100     -2.03100     -2.03100     -2.03100     -2.03100
     -2.03100     -2.03100     -2.03100     -2.03100     -2.03100     -2.03100
     -2.03100     -2.03100     -2.03100     -2.03100     -2.03100     -2.03100
     -2.03100     -2.03100     -2.03100     -2.03100     -2.03100     -2.03100
     -2.03100     -2.03100     -2.03100     -2.03100     -2.03100     -2.03100
     -2.03100     -2.03100     -2.03100     -2.03100     -2.03100     -2.03100
     -2.03100     -2.03100     -2.03100     -2.03100     -2.03100     -2.03100
     -2.03100     -2.03100     -2.03100     -2.03100     -2.03100     -2.03100
     -2.03100     -1.63800     -1.63800     -1.63800     -1.63800     -1.63800
     -1.63800     -1.63800     -1.63800     -1.63800     -1.63800     -1.63800
     -1.63800     -1.63800     -1.63800     -1.63800     -1.63800     -1.63800
     -1.63800     -1.63800     -1.63800     -1.63800     -1.63800     -1.63800
     -1.63800     -1.63800     -1.63800     -1.63800     -1.63800     -1.63800
     -1.63800     -1.63800     -1.63800     -1.63800     -1.63800     -1.63800
     -1.63800     -1.63800     -1.63800     -1.63800     -1.63800     -1.63800
     -1.63800     -1.63800     -1.63800     -1.63800     -1.63800     -1.63800
     -1.63800     -1.63800     -1.63800     -1.63800     -1.63800     -1.63800
     -1.63800     -1.63800     -1.63800     -1.63800     -1.63800     -1.63800
     -1.63800     -1.63800     -1.63800     -1.63800     -1.63800     -1.63800
     -1.63800     -1.63800     -1.63800     -1.63800     -1.63800     -1.63800
     -1.63800     -1.63800     -1.63800     -1.63800     -1.63800     -1.63800
     -1.63800     -1.63800     -1.63800     -1.24500     -1.24500     -1.24500
     -1.24500     -1.24500     -1.24500     -1.24500     -1.24500     -1.24500
     -1.24500     -1.24500     -1.24500     -1.24500     -1.24500     -1.24500
     -1.24500     -1.24500     -1.24500     -1.24500     -1.24500     -1.24500
     -1.24500     -1.24500     -1.24500     -1.24500     -1.24500     -1.24500
     -1.24500     -1.24500     -1.24500     -1.24500     -1.24500     -1.24500
     -1.24500     -1.24500     -1.24500     -1.24500     -1.24500     -1.24500
     -1.24500     -1.24500     -1.24500     -1.24500     -1.24500     -1.24500
     -1.24500     -1.24500     -1.24500     -1.24500     -1.24500     -1.24500
     -1.24500     -1.24500     -1.24500     -1.24500     -1.24500     -1.24500
     -1.24500     -1.24500     -1.24500     -1.24500     -1.24500     -1.24500
     -1.24500     -1.24500     -1.24500     -1.24500     -1.24500     -1.24500
     -1.24500     -1.24500     -1.24500     -1.24500     -1.24500     -1.24500
     -1.24500     -1.24500     -1.24500     -1.24500     -1.24500     -1.24500
    -0.852004    -0.852004    -0.852004    -0.852004    -0.852004    -0.852004
    -0.852004    -0.852004    -0.852004    -0.852004    -0.852004    -0.852004
    -0.852004    -0.852004    -0.852004    -0.852004    -0.852004    -0.852004
    -0.852004    -0.852004    -0.852004    -0.852004    -0.852004    -0.852004
    -0.852004    -0.852004    -0.852004    -0.852004    -0.852004    -0.852004
    -0.852004    -0.852004    -0.852004    -0.852004    -0.852004    -0.852004
    -0.852004    -0.852004    -0.852004    -0.852004    -0.852004    -0.852004
    -0.852004    -0.852004    -0.852004    -0.852004    -0.852004    -0.852004
    -0.852004    -0.852004    -0.852004    -0.852004    -0.852004    -0.852004
    -0.852004    -0.852004    -0.852004    -0.852004    -0.852004    -0.852004
    -0.852004    -0.852004    -0.852004    -0.852004    -0.852004    -0.852004
    -0.852004    -0.852004    -0.852004    -0.852004    -0.852004    -0.852004
    -0.852004    -0.852004    -0.852004    -0.852004    -0.852004    -0.852004
    -0.852004    -0.852004    -0.852004    -0.459004    -0.459004    -0.459004
    -0.459004    -0.459004    -0.459004    -0.459004    -0.459004    -0.459004
    -0.459004    -0.459004    -0.459004    -0.459004    -0.459004    -0.459004
    -0.459004    -0.459004    -0.459004    -0.459004    -0.459004    -0.459004
    -0.459004    -0.459004    -0.459004    -0.459004    -0.459004    -0.459004
    -0.459004    -0.459004    -0.459004    -0.459004    -0.459004    -0.459004
    -0.459004    -0.459004    -0.459004    -0.459004    -0.459004    -0.459004
    -0.459004    -0.459004    -0.459004    -0.459004    -0.459004    -0.459004
    -0.459004    -0.459004    -0.459004    -0.459004    -0.459004    -0.459004
    -0.459004    -0.459004    -0.459004    -0.459004    -0.459004    -0.459004
    -0.459004    -0.459004    -0.459004    -0.459004    -0.459004    -0.459004
    -0.459004    -0.459004    -0.459004    -0.459004    -0.459004    -0.459004
    -0.459004    -0.459004    -0.459004    -0.459004    -0.459004    -0.459004
    -0.459004    -0.459004    -0.459004    -0.459004    -0.459004    -0.459004
    -0.459004    -0.459004    -0.459004   -0.0660039   -0.0660039   -0.0660039
   -0.0660039   -0.0660039   -0.0660039   -0.0660039   -0.0660039   -0.0660039
   -0.0660039   -0.0660039   -0.0660039   -0.0660039   -0.0660039   -0.0660039
   -0.0660039   -0.0660039   -0.0660039   -0.0660039   -0.0660039   -0.0660039
   -0.0660039   -0.0660039   -0.0660039   -0.0660039   -0.0660039   -0.0660039
   -0.0660039   -0.0660039   -0.0660039   -0.0660039   -0.0660039   -0.0660039
   -0.0660039   -0.0660039   -0.0660039   -0.0660039   -0.0660039   -0.0660039
   -0.0660039   -0.0660039   -0.0660039   -0.0660039   -0.0660039   -0.0660039
   -0.0660039   -0.0660039   -0.0660039   -0.0660039   -0.0660039   -0.0660039
   -0.0660039   -0.0660039   -0.0660039   -0.0660039   -0.0660039   -0.0660039
   -0.0660039   -0.0660039   -0.0660039   -0.0660039   -0.0660039   -0.0660039
   -0.0660039   -0.0660039   -0.0660039   -0.0660039   -0.0660039   -0.0660039
   -0.0660039   -0.0660039   -0.0660039   -0.0660039   -0.0660039   -0.0660039
   -0.0660039   -0.0660039   -0.0660039   -0.0660039   -0.0660039   -0.0660039
   -0.0660039     0.326996     0.326996     0.326996     0.326996     0.326996
     0.326996     0.326996     0.326996     0.326996     0.326996     0.326996
     0.326996     0.326996     0.326996     0.326996     0.326996     0.326996
     0.326996     0.326996     0.326996     0.326996     0.326996     0.326996
     0.326996     0.326996     0.326996     0.326996     0.326996     0.326996
     0.326996     0.326996     0.326996     0.326996     0.326996     0.326996
     0.326996     0.326996     0.326996     0.326996     0.326996     0.326996
     0.326996     0.326996     0.326996     0.326996     0.326996     0.326996
     0.326996     0.326996     0.326996     0.326996     0.326996     0.326996
     0.326996     0.326996     0.326996     0.326996     0.326996     0.326996
     0.326996     0.326996     0.326996     0.326996     0.326996     0.326996
     0.326996     0.326996     0.326996     0.326996     0.326996     0.326996
     0.326996     0.326996     0.326996     0.326996     0.326996     0.326996
     0.326996     0.326996     0.326996     0.326996     0.326996     0.326996
     0.719996     0.719996     0.719996     0.719996     0.719996     0.719996
     0.719996     0.719996     0.719996     0.719996     0.719996     0.719996
     0.719996     0.719996     0.719996     0.719996     0.719996     0.719996
     0.719996     0.719996     0.719996     0.719996     0.719996     0.719996
     0.719996     0.719996     0.719996     0.719996     0.719996     0.719996
     0.719996     0.719996     0.719996     0.719996     0.719996     0.719996
     0.719996     0.719996     0.719996     0.719996     0.719996     0.719996
     0.719996     0.719996     0.719996     0.719996     0.719996     0.719996
     0.719996     0.719996     0.719996     0.719996     0.719996     0.719996
     0.719996     0.719996     0.719996     0.719996     0.719996     0.719996
     0.719996     0.719996     0.719996     0.719996     0.719996     0.719996
     0.719996     0.719996     0.719996     0.719996     0.719996     0.719996
     0.719996     0.719996     0.719996     0.719996     0.719996     0.719996
     0.719996     0.719996     0.719996     0.719996      1.11300      1.11300
      1.11300      1.11300      1.11300      1.11300      1.11300      1.11300
      1.11300      1.11300      1.11300      1.11300      1.11300      1.11300
      1.11300      1.11300      1.11300      1.11300      1.11300      1.11300
      1.11300      1.11300      1.11300      1.11300      1.11300      1.11300
      1.11300      1.11300      1.11300      1.11300      1.11300      1.11300
      1.11300      1.11300      1.11300      1.11300      1.11300      1.11300
      1.11300      1.11300      1.11300      1.11300      1.11300      1.11300
      1.11300      1.11300      1.11300      1.11300      1.11300      1.11300
      1.11300      1.11300      1.11300      1.11300      1.11300      1.11300
      1.11300      1.11300      1.11300      1.11300      1.11300      1.11300
      1.11300      1.11300      1.11300      1.11300      1.11300      1.11300
      1.11300      1.11300      1.11300      1.11300      1.11300      1.11300
      1.11300      1.11300      1.11300      1.11300      1.11300      1.11300
      1.11300      1.11300      1.50600      1.50600      1.50600      1.50600
      1.50600      1.50600      1.50600      1.50600      1.50600      1.50600
      1.50600      1.50600      1.50600      1.50600      1.50600      1.50600
      1.50600      1.50600      1.50600      1.50600      1.50600      1.50600
      1.50600      1.50600      1.50600      1.50600      1.50600      1.50600
      1.50600      1.50600      1.50600      1.50600      1.50600      1.50600
      1.50600      1.50600      1.50600      1.50600      1.50600      1.50600
      1.50600      1.50600      1.50600      1.50600      1.50600      1.50600
      1.50600      1.50600      1.50600      1.50600      1.50600      1.50600
      1.50600      1.50600      1.50600      1.50600      1.50600      1.50600
      1.50600      1.50600      1.50600      1.50600      1.50600      1.50600
      1.50600      1.50600      1.50600      1.50600      1.50600      1.50600
      1.50600      1.50600      1.50600      1.50600      1.50600      1.50600
      1.50600      1.50600      1.50600      1.89900      1.89900      1.89900
      1.89900      1.89900      1.89900      1.89900      1.89900      1.89900
      1.89900      1.89900      1.89900      1.89900      1.89900      1.89900
      1.89900      1.89900      1.89900      1.89900      1.89900      1.89900
      1.89900      1.89900      1.89900      1.89900      1.89900      1.89900
      1.89900      1.89900      1.89900      1.89900      1.89900      1.89900
      1.89900      1.89900      1.89900      1.89900      1.89900      1.89900
      1.89900      1.89900      1.89900      1.89900      1.89900      1.89900
      1.89900      1.89900      1.89900      1.89900      1.89900      1.89900
      1.89900      1.89900      1.89900      1.89900      1.89900      1.89900
      1.89900      1.89900      1.89900      1.89900      1.89900      1.89900
      1.89900      1.89900      1.89900      1.89900      1.89900      1.89900
      1.89900      1.89900      1.89900      1.89900      1.89900      1.89900
      1.89900      1.89900      1.89900      1.89900      1.89900      2.29200
      2.29200      2.29200      2.29200      2.29200      2.29200      2.29200
      2.29200      2.29200      2.29200      2.29200      2.29200      2.29200
      2.29200      2.29200      2.29200      2.29200      2.29200      2.29200
      2.29200      2.29200      2.29200      2.29200      2.29200      2.29200
      2.29200      2.29200      2.29200      2.29200      2.29200      2.29200
      2.29200      2.29200      2.29200      2.29200      2.29200      2.29200
      2.29200      2.29200      2.29200      2.29200      2.29200      2.29200
      2.29200      2.29200      2.29200      2.29200      2.29200      2.29200
      2.29200      2.29200      2.29200      2.29200      2.29200      2.29200
      2.29200      2.29200      2.29200      2.29200      2.29200      2.29200
      2.29200      2.29200      2.29200      2.29200      2.29200      2.29200
      2.29200      2.29200      2.29200      2.29200      2.29200      2.29200
      2.29200      2.29200      2.68500      2.68500      2.68500      2.68500
      2.68500      2.68500      2.68500      2.68500      2.68500      2.68500
      2.68500      2.68500      2.68500      2.68500      2.68500      2.68500
      2.68500      2.68500      2.68500      2.68500      2.68500      2.68500
      2.68500      2.68500      2.68500      2.68500      2.68500      2.68500
      2.68500      2.68500      2.68500      2.68500      2.68500      2.68500
      2.68500      2.68500      2.68500      2.68500      2.68500      2.68500
      2.68500      2.68500      2.68500      2.68500      2.68500      2.68500
      2.68500      2.68500      2.68500      2.68500      2.68500      2.68500
      2.68500      2.68500      2.68500      2.68500      2.68500      2.68500
      2.68500      2.68500      2.68500      2.68500      2.68500      2.68500
      2.68500      2.68500      2.68500      2.68500      2.68500      2.68500
      2.68500      2.68500      2.68500      2.68500      2.68500      2.68500
      2.68500      2.68500      2.68500      3.07800      3.07800      3.07800
      3.07800      3.07800      3.07800      3.07800      3.07800      3.07800
      3.07800      3.07800      3.07800      3.07800      3.07800      3.07800
      3.07800      3.07800      3.07800      3.07800      3.07800      3.07800
      3.07800      3.07800      3.07800      3.07800      3.07800      3.07800
      3.07800      3.07800      3.07800      3.07800      3.07800      3.07800
      3.07800      3.07800      3.07800      3.07800      3.07800      3.07800
      3.07800      3.07800      3.07800      3.07800      3.07800      3.07800
      3.07800      3.07800      3.07800      3.07800      3.07800      3.07800
      3.07800      3.07800      3.07800      3.07800      3.07800      3.07800
      3.07800      3.07800      3.07800      3.07800      3.07800      3.07800
      3.07800      3.07800      3.07800      3.07800      3.07800      3.07800
      3.07800      3.07800      3.07800      3.07800      3.07800      3.07800
      3.07800      3.07800      3.07800      3.07800      3.07800      3.07800
      3.47100      3.47100      3.47100      3.47100      3.47100      3.47100
      3.47100      3.47100      3.47100      3.47100      3.47100      3.47100
      3.47100      3.47100      3.47100      3.47100      3.47100      3.47100
      3.47100      3.47100      3.47100      3.47100      3.47100      3.47100
      3.47100      3.47100      3.47100      3.47100      3.47100      3.47100
      3.47100      3.47100      3.47100      3.47100      3.47100      3.47100
      3.47100      3.47100      3.47100      3.47100      3.47100      3.47100
      3.47100      3.47100      3.47100      3.47100      3.47100      3.47100
      3.47100      3.47100      3.47100      3.47100      3.47100      3.47100
      3.47100      3.47100      3.47100      3.47100      3.47100      3.47100
      3.47100      3.47100      3.47100      3.47100      3.47100      3.47100
      3.47100      3.47100      3.47100      3.47100      3.47100      3.47100
      3.47100      3.47100      3.47100      3.47100      3.47100      3.47100
      3.47100      3.47100      3.86400      3.86400      3.86400      3.86400
      3.86400      3.86400      3.86400      3.86400      3.86400      3.86400
      3.86400      3.86400      3.86400      3.86400      3.86400      3.86400
      3.86400      3.86400      3.86400      3.86400      3.86400      3.86400
      3.86400      3.86400      3.86400      3.86400      3.86400      3.86400
      3.86400      3.86400      3.86400      3.86400      3.86400      3.86400
      3.86400      3.86400      3.86400      3.86400      3.86400      3.86400
      3.86400      3.86400      3.86400      3.86400      3.86400      3.86400
      3.86400      3.86400      3.86400      3.86400      3.86400      3.86400
      3.86400      3.86400      3.86400      3.86400      3.86400      3.86400
      3.86400      3.86400      3.86400      3.86400      3.86400      3.86400
      3.86400      3.86400      3.86400      3.86400      3.86400      3.86400
      3.86400      3.86400      3.86400      3.86400      3.86400      3.86400
      3.86400      3.86400      3.86400      3.86400      4.25700      4.25700
      4.25700      4.25700      4.25700      4.25700      4.25700      4.25700
      4.25700      4.25700      4.25700      4.25700      4.25700      4.25700
      4.25700      4.25700      4.25700      4.25700      4.25700      4.25700
      4.25700      4.25700      4.25700      4.25700      4.25700      4.25700
      4.25700      4.25700      4.25700      4.25700      4.25700      4.25700
      4.25700      4.25700      4.25700      4.25700      4.25700      4.25700
      4.25700      4.25700      4.25700      4.25700      4.25700      4.25700
      4.25700      4.25700      4.25700      4.25700      4.25700      4.25700
      4.25700      4.25700      4.25700      4.25700      4.25700      4.25700
      4.25700      4.25700      4.25700      4.25700      4.25700      4.25700
      4.25700      4.25700      4.25700      4.25700      4.25700      4.25700
      4.25700      4.25700      4.25700      4.25700      4.25700      4.25700
      4.25700      4.25700      4.25700      4.25700      4.25700      4.25700
      4.25700      4.25700      4.65000      4.65000      4.65000      4.65000
      4.65000      4.65000      4.65000      4.65000      4.65000      4.65000
      4.65000      4.65000      4.65000      4.65000      4.65000      4.65000
      4.65000      4.65000      4.65000      4.65000      4.65000      4.65000
      4.65000      4.65000      4.65000      4.65000      4.65000      4.65000
      4.65000      4.65000      4.65000      4.65000      4.65000      4.65000
      4.65000      4.65000      4.65000      4.65000      4.65000      4.65000
      4.65000      4.65000      4.65000      4.65000      4.65000      4.65000
      4.65000      4.65000      4.65000      4.65000      4.65000      4.65000
      4.65000      4.65000      4.65000      4.65000      4.65000      4.65000
      4.65000      4.65000      4.65000      4.65000      4.65000      4.65000
      4.65000      4.65000      4.65000      4.65000      4.65000      4.65000
      4.65000      4.65000      4.65000      4.65000      4.65000      4.65000
      4.65000      4.65000      4.65000      5.04300      5.04300      5.04300
      5.04300      5.04300      5.04300      5.04300      5.04300      5.04300
      5.04300      5.04300      5.04300      5.04300      5.04300      5.04300
      5.04300      5.04300      5.04300      5.04300      5.04300      5.04300
      5.04300      5.04300      5.04300      5.04300      5.04300      5.04300
      5.04300      5.04300      5.04300      5.04300      5.04300      5.04300
      5.04300      5.04300      5.04300      5.04300      5.04300      5.04300
      5.04300      5.04300      5.04300      5.04300      5.04300      5.04300
      5.04300      5.04300      5.04300      5.04300      5.04300      5.04300
      5.04300      5.04300      5.04300      5.04300      5.04300      5.04300
      5.04300      5.04300      5.04300      5.04300      5.04300      5.04300
      5.04300      5.04300      5.04300      5.04300      5.04300      5.04300
      5.04300      5.04300      5.04300      5.04300      5.04300      5.04300
      5.04300      5.04300      5.04300      5.04300      5.04300      5.43600
      5.43600      5.43600      5.43600      5.43600      5.43600      5.43600
      5.43600      5.43600      5.43600      5.43600      5.43600      5.43600
      5.43600      5.43600      5.43600      5.43600      5.43600      5.43600
      5.43600      5.43600      5.43600      5.43600      5.43600      5.43600
      5.43600      5.43600      5.43600      5.43600      5.43600      5.43600
      5.43600      5.43600      5.43600      5.43600      5.43600      5.43600
      5.43600      5.43600      5.43600      5.43600      5.43600      5.43600
      5.43600      5.43600      5.43600      5.43600      5.43600      5.43600
      5.43600      5.43600      5.43600      5.43600      5.43600      5.43600
      5.43600      5.43600      5.43600      5.43600      5.43600      5.43600
      5.43600      5.43600      5.43600      5.43600      5.43600      5.43600
      5.82900      5.82900      5.82900      5.82900      5.82900      5.82900
      5.82900      5.82900      5.82900      5.82900      5.82900      5.82900
      5.82900      5.82900      5.82900      5.82900      5.82900      5.82900
      5.82900      5.82900      5.82900      5.82900      5.82900      5.82900
      5.82900      5.82900      5.82900      5.82900      5.82900      5.82900
      5.82900      5.82900      5.82900      5.82900      5.82900      5.82900
      5.82900      5.82900      5.82900      5.82900      5.82900      5.82900
      5.82900      5.82900      5.82900      5.82900      5.82900      5.82900
      5.82900      6.22200      6.22200      6.22200      6.22200      6.22200
      6.22200      6.22200      6.22200      6.22200      6.22200      6.22200
      6.22200      6.22200      6.22200      6.22200      6.22200      6.22200
      6.22200      6.22200      6.22200      6.22200      6.22200      6.22200
      6.22200      6.22200      6.22200      6.22200      6.22200      6.22200
      6.22200      6.22200      6.22200      6.22200      6.22200      6.22200
      6.61500      6.61500      6.61500      6.61500      6.61500      6.61500
      6.61500      6.61500      6.61500      6.61500      6.61500      6.61500
      6.61500      6.61500      6.61500      6.61500      6.61500      6.61500
     -1.63800     -1.24500    -0.852004    -0.459004    -0.459004   -0.0660039
   -0.0660039     0.326996     0.326996     0.719996      1.11300      1.50600
     -2.81700     -2.42400     -2.03100     -2.03100     -1.63800     -1.63800
     -1.24500     -1.24500    -0.852004    -0.852004    -0.459004    -0.459004
   -0.0660039   -0.0660039     0.326996     0.326996     0.719996     0.719996
      1.11300      1.11300      1.50600      1.50600      1.89900      1.89900
      2.29200      2.29200      2.68500     -3.60300     -3.21000     -2.81700
     -2.81700     -2.42400     -2.42400     -2.03100     -2.03100     -2.03100
     -1.63800     -1.63800     -1.63800     -1.24500     -1.24500     -1.24500
    -0.852004    -0.852004    -0.852004    -0.459004    -0.459004    -0.459004
   -0.0660039   -0.0660039   -0.0660039     0.326996     0.326996     0.326996
     0.719996     0.719996     0.719996      1.11300      1.11300      1.11300
      1.50600      1.50600      1.50600      1.89900      1.89900      1.89900
      2.29200      2.29200      2.68500      2.68500      3.07800      3.07800
      3.47100     -3.99600     -3.60300     -3.60300     -3.21000     -3.21000
     -2.81700     -2.81700     -2.81700     -2.42400     -2.42400     -2.42400
     -2.03100     -2.03100     -2.03100     -1.63800     -1.63800     -1.63800
     -1.24500     -1.24500     -1.24500    -0.852004    -0.852004    -0.852004
    -0.459004    -0.459004    -0.459004    -0.459004   -0.0660039   -0.0660039
   -0.0660039   -0.0660039     0.326996     0.326996     0.326996     0.326996
     0.719996     0.719996     0.719996      1.11300      1.11300      1.11300
      1.50600      1.50600      1.50600      1.89900      1.89900      1.89900
      2.29200      2.29200      2.29200      2.68500      2.68500      2.68500
      3.07800      3.07800      3.47100      3.47100      3.86400     -4.38900
     -3.99600     -3.99600     -3.60300     -3.60300     -3.60300     -3.21000
     -3.21000     -3.21000     -2.81700     -2.81700     -2.81700     -2.42400
     -2.42400     -2.42400     -2.03100     -2.03100     -2.03100     -2.03100
     -1.63800     -1.63800     -1.63800     -1.63800     -1.24500     -1.24500
     -1.24500     -1.24500    -0.852004    -0.852004    -0.852004    -0.852004
    -0.459004    -0.459004    -0.459004    -0.459004   -0.0660039   -0.0660039
   -0.0660039   -0.0660039     0.326996     0.326996     0.326996     0.326996
     0.719996     0.719996     0.719996     0.719996      1.11300      1.11300
      1.11300      1.11300      1.50600      1.50600      1.50600      1.50600
      1.89900      1.89900      1.89900      1.89900      2.29200      2.29200
      2.29200      2.68500      2.68500      2.68500      3.07800      3.07800
      3.07800      3.47100      3.47100      3.47100      3.86400      3.86400
      4.25700      4.25700      4.65000     -4.78200     -4.78200     -4.38900
     -4.38900     -3.99600     -3.99600     -3.99600     -3.60300     -3.60300
     -3.60300     -3.21000     -3.21000     -3.21000     -2.81700     -2.81700
     -2.81700     -2.81700     -2.42400     -2.42400     -2.42400     -2.42400
     -2.03100     -2.03100     -2.03100     -2.03100     -1.63800     -1.63800
     -1.63800     -1.63800     -1.24500     -1.24500     -1.24500    -0.852004
    -0.852004    -0.852004    -0.459004    -0.459004    -0.459004   -0.0660039
   -0.0660039   -0.0660039     0.326996     0.326996     0.326996     0.719996
     0.719996     0.719996      1.11300      1.11300      1.11300      1.50600
      1.50600      1.50600      1.50600      1.89900      1.89900      1.89900
      1.89900      2.29200      2.29200      2.29200      2.29200      2.68500
      2.68500      2.68500      2.68500      3.07800      3.07800      3.07800
      3.47100      3.47100      3.47100      3.86400      3.86400      3.86400
      4.25700      4.25700      4.65000      4.65000      5.04300     -5.17500
     -4.78200     -4.78200     -4.38900     -4.38900     -4.38900     -3.99600
     -3.99600     -3.99600     -3.60300     -3.60300     -3.60300     -3.21000
     -3.21000     -3.21000     -3.21000     -2.81700     -2.81700     -2.81700
     -2.81700     -2.42400     -2.42400     -2.42400     -2.42400     -2.03100
     -2.03100     -2.03100     -1.63800     -1.63800     -1.63800     -1.24500
     -1.24500    -0.852004    -0.852004    -0.459004    -0.459004    -0.459004
   -0.0660039   -0.0660039   -0.0660039     0.326996     0.326996     0.326996
     0.719996     0.719996     0.719996      1.11300      1.11300      1.50600
      1.50600      1.89900      1.89900      1.89900      2.29200      2.29200
      2.29200      2.68500      2.68500      2.68500      2.68500      3.07800
      3.07800      3.07800      3.07800      3.47100      3.47100      3.47100
      3.47100      3.86400      3.86400      3.86400      4.25700      4.25700
      4.25700      4.65000      4.65000      5.04300      5.04300     -5.56801
     -5.17500     -5.17500     -4.78200     -4.78200     -4.78200     -4.38900
     -4.38900     -4.38900     -3.99600     -3.99600     -3.99600     -3.60300
     -3.60300     -3.60300     -3.60300     -3.21000     -3.21000     -3.21000
     -3.21000     -2.81700     -2.81700     -2.81700     -2.42400     -2.42400
     -2.42400     -2.03100     -2.03100     -1.63800     -1.63800     -1.63800
     -1.24500     -1.24500     -1.24500    -0.852004    -0.852004    -0.852004
    -0.459004    -0.459004    -0.459004   -0.0660039   -0.0660039     0.326996
     0.326996     0.326996     0.719996     0.719996     0.719996      1.11300
      1.11300      1.11300      1.50600      1.50600      1.50600      1.89900
      1.89900      1.89900      2.29200      2.29200      2.68500      2.68500
      2.68500      3.07800      3.07800      3.07800      3.07800      3.47100
      3.47100      3.47100      3.47100      3.86400      3.86400      3.86400
      3.86400      4.25700      4.25700      4.25700      4.65000      4.65000
      4.65000      5.04300      5.04300      5.43600      5.43600     -5.96101
     -5.56801     -5.56801     -5.17500     -5.17500     -5.17500     -4.78200
     -4.78200     -4.78200     -4.38900     -4.38900     -4.38900     -3.99600
     -3.99600     -3.99600     -3.99600     -3.60300     -3.60300     -3.60300
     -3.60300     -3.21000     -3.21000     -3.21000     -2.81700     -2.81700
     -2.42400     -2.42400     -2.42400     -2.03100     -2.03100     -2.03100
     -1.63800     -1.63800     -1.24500     -1.24500    -0.852004    -0.852004
    -0.459004    -0.459004   -0.0660039   -0.0660039     0.326996     0.326996
     0.719996     0.719996      1.11300      1.11300      1.50600      1.50600
      1.89900      1.89900      1.89900      2.29200      2.29200      2.29200
      2.68500      2.68500      3.07800      3.07800      3.07800      3.47100
      3.47100      3.47100      3.47100      3.86400      3.86400      3.86400
      3.86400      4.25700      4.25700      4.25700      4.25700      4.65000
      4.65000      4.65000      5.04300      5.04300      5.04300      5.43600
      5.43600      5.82900     -5.96101     -5.56801     -5.56801     -5.17500
     -5.17500     -5.17500     -4.78200     -4.78200     -4.78200     -4.38900
     -4.38900     -4.38900     -4.38900     -3.99600     -3.99600     -3.99600
     -3.99600     -3.60300     -3.60300     -3.60300     -3.21000     -3.21000
     -2.81700     -2.81700     -2.81700     -2.42400     -2.42400     -2.42400
     -2.03100     -2.03100     -1.63800     -1.63800     -1.24500     -1.24500
    -0.852004    -0.852004    -0.459004    -0.459004   -0.0660039   -0.0660039
     0.326996     0.326996     0.719996     0.719996      1.11300      1.11300
      1.50600      1.50600      1.89900      1.89900      2.29200      2.29200
      2.68500      2.68500      2.68500      3.07800      3.07800      3.07800
      3.47100      3.47100      3.47100      3.86400      3.86400      3.86400
      3.86400      4.25700      4.25700      4.25700      4.25700      4.65000
      4.65000      4.65000      5.04300      5.04300      5.04300      5.43600
      5.43600      5.43600      5.82900      5.82900     -6.35401     -5.96101
     -5.96101     -5.56801     -5.56801     -5.56801     -5.17500     -5.17500
     -5.17500     -4.78200     -4.78200     -4.78200     -4.78200     -4.38900
     -4.38900     -4.38900     -4.38900     -3.99600     -3.99600     -3.99600
     -3.60300     -3.60300     -3.21000     -3.21000     -3.21000     -2.81700
     -2.81700     -2.42400     -2.42400     -2.03100     -2.03100     -1.63800
     -1.63800     -1.24500     -1.24500    -0.852004    -0.852004    -0.459004
    -0.459004   -0.0660039   -0.0660039     0.326996     0.326996     0.719996
     0.719996      1.11300      1.11300      1.50600      1.50600      1.89900
      1.89900      2.29200      2.29200      2.68500      2.68500      3.07800
      3.07800      3.07800      3.47100      3.47100      3.86400      3.86400
      3.86400      4.25700      4.25700      4.25700      4.25700      4.65000
      4.65000      4.65000      4.65000      5.04300      5.04300      5.04300
      5.43600      5.43600      5.43600      5.82900      5.82900      6.22200
     -6.35401     -5.96101     -5.96101     -5.56801     -5.56801     -5.56801
     -5.17500     -5.17500     -5.17500     -4.78200     -4.78200     -4.78200
     -4.78200     -4.38900     -4.38900     -4.38900     -4.38900     -3.99600
     -3.99600     -3.99600     -3.60300     -3.60300     -3.60300     -3.21000
     -3.21000     -3.21000     -2.81700     -2.81700     -2.42400     -2.42400
     -2.03100     -2.03100     -1.63800     -1.63800     -1.24500     -1.24500
    -0.852004    -0.459004   -0.0660039     0.326996     0.719996      1.11300
      1.50600      1.50600      1.89900      1.89900      2.29200      2.29200
      2.68500      2.68500      3.07800      3.07800      3.47100      3.47100
      3.47100      3.86400      3.86400      4.25700      4.25700      4.25700
      4.65000      4.65000      4.65000      4.65000      5.04300      5.04300
      5.04300      5.04300      5.43600      5.43600      5.43600      5.82900
      5.82900      5.82900      6.22200      6.22200     -6.35401     -6.35401
     -5.96101     -5.96101     -5.96101     -5.56801     -5.56801     -5.56801
     -5.17500     -5.17500     -5.17500     -5.17500     -4.78200     -4.78200
     -4.78200     -4.78200     -4.38900     -4.38900     -4.38900     -3.99600
     -3.99600     -3.60300     -3.60300     -3.60300     -3.21000     -3.21000
     -2.81700     -2.81700     -2.42400     -2.42400     -2.03100     -2.03100
     -1.63800     -1.24500    -0.852004    -0.852004    -0.459004    -0.459004
   -0.0660039   -0.0660039     0.326996     0.326996     0.719996     0.719996
      1.11300      1.11300      1.50600      1.89900      1.89900      2.29200
      2.29200      2.68500      2.68500      3.07800      3.07800      3.47100
      3.47100      3.47100      3.86400      3.86400      3.86400      4.25700
      4.25700      4.25700      4.65000      4.65000      4.65000      4.65000
      5.04300      5.04300      5.04300      5.04300      5.43600      5.43600
      5.43600      5.82900      5.82900      5.82900      6.22200      6.22200
      6.61500     -6.74701     -6.35401     -6.35401     -5.96101     -5.96101
     -5.96101     -5.56801     -5.56801     -5.56801     -5.17500     -5.17500
     -5.17500     -5.17500     -4.78200     -4.78200     -4.78200     -4.78200
     -4.38900     -4.38900     -4.38900     -3.99600     -3.99600     -3.99600
     -3.60300     -3.60300     -3.21000     -3.21000     -2.81700     -2.81700
     -2.42400     -2.42400     -2.03100     -1.63800     -1.63800     -1.24500
     -1.24500    -0.852004    -0.852004    -0.459004    -0.459004   -0.0660039
   -0.0660039     0.326996     0.326996     0.719996     0.719996      1.11300
      1.11300      1.50600      1.50600      1.89900      2.29200      2.29200
      2.68500      2.68500      3.07800      3.07800      3.47100      3.47100
      3.86400      3.86400      3.86400      4.25700      4.25700      4.65000
      4.65000      4.65000      5.04300      5.04300      5.04300      5.04300
      5.43600      5.43600      5.43600      5.82900      5.82900      5.82900
      6.22200      6.22200      6.61500     -6.74701     -6.35401     -6.35401
     -5.96101     -5.96101     -5.96101     -5.56801     -5.56801     -5.56801
     -5.17500     -5.17500     -5.17500     -5.17500     -4.78200     -4.78200
     -4.78200     -4.38900     -4.38900     -3.99600     -3.99600     -3.99600
     -3.60300     -3.60300     -3.21000     -3.21000     -2.81700     -2.81700
     -2.42400     -2.42400     -2.03100     -1.63800     -1.63800     -1.24500
     -1.24500    -0.852004    -0.852004    -0.459004    -0.459004   -0.0660039
   -0.0660039     0.326996     0.326996     0.719996     0.719996      1.11300
      1.11300      1.50600      1.50600      1.89900      1.89900      2.29200
      2.68500      2.68500      3.07800      3.07800      3.47100      3.47100
      3.86400      3.86400      3.86400      4.25700      4.25700      4.25700
      4.65000      4.65000      4.65000      5.04300      5.04300      5.04300
      5.04300      5.43600      5.43600      5.43600      5.43600      5.82900
      5.82900      5.82900      6.22200      6.22200      6.61500      6.61500
     -6.74701     -6.35401     -6.35401     -5.96101     -5.96101     -5.96101
     -5.56801     -5.56801     -5.56801     -5.17500     -5.17500     -5.17500
     -5.17500     -4.78200     -4.78200     -4.78200     -4.38900     -4.38900
     -3.99600     -3.99600     -3.99600     -3.60300     -3.60300     -3.21000
     -3.21000     -2.81700     -2.81700     -2.42400     -2.03100     -2.03100
     -1.63800     -1.63800     -1.24500     -1.24500    -0.852004    -0.852004
    -0.459004    -0.459004   -0.0660039   -0.0660039     0.326996     0.326996
     0.719996     0.719996      1.11300      1.11300      1.50600      1.50600
      1.89900      1.89900      2.29200      2.68500      2.68500      3.07800
      3.07800      3.47100      3.47100      3.86400      3.86400      4.25700
      4.25700      4.25700      4.65000      4.65000      4.65000      5.04300
      5.04300      5.04300      5.04300      5.43600      5.43600      5.43600
      5.43600      5.82900      5.82900      5.82900      6.22200      6.22200
      6.22200      6.61500      6.61500     -6.74701     -6.74701     -6.35401
     -6.35401     -5.96101     -5.96101     -5.96101     -5.56801     -5.56801
     -5.56801     -5.56801     -5.17500     -5.17500     -5.17500     -5.17500
     -4.78200     -4.78200     -4.78200     -4.38900     -4.38900     -4.38900
     -3.99600     -3.99600     -3.99600     -3.60300     -3.60300     -3.21000
     -3.21000     -2.81700     -2.81700     -2.42400     -2.03100     -2.03100
     -1.63800     -1.63800     -1.24500     -1.24500    -0.852004    -0.852004
    -0.459004    -0.459004   -0.0660039   -0.0660039     0.326996     0.326996
     0.719996     0.719996      1.11300      1.11300      1.50600      1.50600
      1.89900      1.89900      2.29200      2.68500      2.68500      3.07800
      3.07800      3.47100      3.47100      3.86400      3.86400      4.25700
      4.25700      4.25700      4.65000      4.65000      4.65000      5.04300
      5.04300      5.04300      5.04300      5.43600      5.43600      5.43600
      5.43600      5.82900      5.82900      5.82900      6.22200      6.22200
      6.22200      6.61500      6.61500     -6.74701     -6.74701     -6.35401
     -6.35401     -5.96101     -5.96101     -5.96101     -5.56801     -5.56801
     -5.56801     -5.56801     -5.17500     -5.17500     -5.17500     -5.17500
     -4.78200     -4.78200     -4.78200     -4.38900     -4.38900     -4.38900
     -3.99600     -3.99600     -3.60300     -3.60300     -3.21000     -3.21000
     -2.81700     -2.81700     -2.42400     -2.03100     -2.03100     -1.63800
     -1.63800     -1.24500     -1.24500    -0.852004    -0.852004    -0.459004
    -0.459004   -0.0660039   -0.0660039     0.326996     0.326996     0.719996
     0.719996      1.11300      1.11300      1.50600      1.50600      1.89900
      1.89900      2.29200      2.29200      2.68500      3.07800      3.07800
      3.47100      3.47100      3.86400      3.86400      4.25700      4.25700
      4.25700      4.65000      4.65000      5.04300      5.04300      5.04300
      5.04300      5.43600      5.43600      5.43600      5.43600      5.82900
      5.82900      5.82900      6.22200      6.22200      6.22200      6.61500
      6.61500     -6.74701     -6.74701     -6.35401     -6.35401     -5.96101
     -5.96101     -5.96101     -5.56801     -5.56801     -5.56801     -5.56801
     -5.17500     -5.17500     -5.17500     -5.17500     -4.78200     -4.78200
     -4.78200     -4.38900     -4.38900     -4.38900     -3.99600     -3.99600
     -3.99600     -3.60300     -3.60300     -3.21000     -3.21000     -2.81700
     -2.81700     -2.42400     -2.03100     -2.03100     -1.63800     -1.63800
     -1.24500     -1.24500    -0.852004    -0.852004    -0.459004    -0.459004
   -0.0660039   -0.0660039     0.326996     0.326996     0.719996     0.719996
      1.11300      1.11300      1.50600      1.50600      1.89900      1.89900
      2.29200      2.29200      2.68500      3.07800      3.07800      3.47100
      3.47100      3.86400      3.86400      4.25700      4.25700      4.25700
      4.65000      4.65000      5.04300      5.04300      5.04300      5.04300
      5.43600      5.43600      5.43600      5.43600      5.82900      5.82900
      5.82900      6.22200      6.22200      6.22200      6.61500      6.61500
     -6.74701     -6.35401     -6.35401     -5.96101     -5.96101     -5.96101
     -5.56801     -5.56801     -5.56801     -5.17500     -5.17500     -5.17500
     -5.17500     -4.78200     -4.78200     -4.78200     -4.38900     -4.38900
     -4.38900     -3.99600     -3.99600     -3.99600     -3.60300     -3.60300
     -3.21000     -3.21000     -2.81700     -2.81700     -2.42400     -2.03100
     -2.03100     -1.63800     -1.63800     -1.24500     -1.24500    -0.852004
    -0.852004    -0.459004    -0.459004   -0.0660039   -0.0660039     0.326996
     0.326996     0.719996     0.719996      1.11300      1.11300      1.50600
      1.50600      1.89900      1.89900      2.29200      2.68500      2.68500
      3.07800      3.07800      3.47100      3.47100      3.86400      3.86400
      4.25700      4.25700      4.25700      4.65000      4.65000      4.65000
      5.04300      5.04300      5.04300      5.04300      5.43600      5.43600
      5.43600      5.43600      5.82900      5.82900      5.82900      6.22200
      6.22200      6.22200      6.61500      6.61500     -6.74701     -6.35401
     -6.35401     -5.96101     -5.96101     -5.96101     -5.56801     -5.56801
     -5.56801     -5.17500     -5.17500     -5.17500     -5.17500     -4.78200
     -4.78200     -4.78200     -4.38900     -4.38900     -3.99600     -3.99600
     -3.99600     -3.60300     -3.60300     -3.21000     -3.21000     -2.81700
     -2.81700     -2.42400     -2.03100     -2.03100     -1.63800     -1.63800
     -1.24500     -1.24500    -0.852004    -0.852004    -0.459004    -0.459004
   -0.0660039   -0.0660039     0.326996     0.326996     0.719996     0.719996
      1.11300      1.11300      1.50600      1.50600      1.89900      1.89900
      2.29200      2.68500      2.68500      3.07800      3.07800      3.47100
      3.47100      3.86400      3.86400      3.86400      4.25700      4.25700
      4.25700      4.65000      4.65000      4.65000      5.04300      5.04300
      5.04300      5.04300      5.43600      5.43600      5.43600      5.43600
      5.82900      5.82900      5.82900      6.22200      6.22200      6.22200
      6.61500      6.61500     -6.74701     -6.35401     -6.35401     -5.96101
     -5.96101     -5.96101     -5.56801     -5.56801     -5.56801     -5.17500
     -5.17500     -5.17500     -5.17500     -4.78200     -4.78200     -4.78200
     -4.78200     -4.38900     -4.38900     -3.99600     -3.99600     -3.99600
     -3.60300     -3.60300     -3.21000     -3.21000     -2.81700     -2.81700
     -2.42400     -2.42400     -2.03100     -1.63800     -1.63800     -1.24500
     -1.24500    -0.852004    -0.852004    -0.459004    -0.459004   -0.0660039
   -0.0660039     0.326996     0.326996     0.719996     0.719996      1.11300
      1.11300      1.50600      1.50600      1.89900      2.29200      2.29200
      2.68500      2.68500      3.07800      3.07800      3.47100      3.47100
      3.86400      3.86400      3.86400      4.25700      4.25700      4.65000
      4.65000      4.65000      5.04300      5.04300      5.04300      5.04300
      5.43600      5.43600      5.43600      5.82900      5.82900      5.82900
      6.22200      6.22200      6.61500     -6.35401     -6.35401     -5.96101
     -5.96101     -5.96101     -5.56801     -5.56801     -5.56801     -5.17500
     -5.17500     -5.17500     -5.17500     -4.78200     -4.78200     -4.78200
     -4.78200     -4.38900     -4.38900     -4.38900     -3.99600     -3.99600
     -3.99600     -3.60300     -3.60300     -3.60300     -3.21000     -3.21000
     -2.81700     -2.81700     -2.42400     -2.42400     -2.03100     -2.03100
     -1.63800     -1.24500     -1.24500    -0.852004    -0.852004    -0.459004
    -0.459004   -0.0660039   -0.0660039     0.326996     0.326996     0.719996
     0.719996      1.11300      1.11300      1.50600      1.89900      2.29200
      2.29200      2.68500      2.68500      3.07800      3.07800      3.47100
      3.47100      3.86400      3.86400      3.86400      4.25700      4.25700
      4.65000      4.65000      4.65000      4.65000      5.04300      5.04300
      5.04300      5.04300      5.43600      5.43600      5.43600      5.82900
      5.82900      5.82900      6.22200      6.22200      6.61500     -6.35401
     -6.35401     -5.96101     -5.96101     -5.56801     -5.56801     -5.56801
     -5.17500     -5.17500     -5.17500     -4.78200     -4.78200     -4.78200
     -4.78200     -4.38900     -4.38900     -4.38900     -3.99600     -3.99600
     -3.60300     -3.60300     -3.60300     -3.21000     -3.21000     -2.81700
     -2.81700     -2.42400     -2.42400     -2.03100     -2.03100     -1.63800
     -1.63800     -1.24500    -0.852004    -0.459004   -0.0660039   -0.0660039
     0.326996     0.326996     0.719996      1.11300      1.50600      1.50600
      1.89900      1.89900      2.29200      2.29200      2.68500      2.68500
      3.07800      3.07800      3.47100      3.47100      3.47100      3.86400
      3.86400      4.25700      4.25700      4.25700      4.65000      4.65000
      4.65000      4.65000      5.04300      5.04300      5.04300      5.04300
      5.43600      5.43600      5.43600      5.82900      5.82900      5.82900
      6.22200      6.22200     -6.35401     -5.96101     -5.96101     -5.56801
     -5.56801     -5.56801     -5.17500     -5.17500     -5.17500     -4.78200
     -4.78200     -4.78200     -4.78200     -4.38900     -4.38900     -4.38900
     -4.38900     -3.99600     -3.99600     -3.99600     -3.60300     -3.60300
     -3.21000     -3.21000     -3.21000     -2.81700     -2.81700     -2.42400
     -2.42400     -2.03100     -2.03100     -1.63800     -1.63800     -1.24500
     -1.24500    -0.852004    -0.852004    -0.459004    -0.459004   -0.0660039
     0.326996     0.719996     0.719996      1.11300      1.11300      1.50600
      1.50600      1.89900      1.89900      2.29200      2.29200      2.68500
      2.68500      3.07800      3.07800      3.07800      3.47100      3.47100
      3.47100      3.86400      3.86400      3.86400      4.25700      4.25700
      4.25700      4.25700      4.65000      4.65000      4.65000      4.65000
      5.04300      5.04300      5.04300      5.43600      5.43600      5.43600
      5.82900      5.82900      6.22200     -5.96101     -5.96101     -5.56801
     -5.56801     -5.17500     -5.17500     -5.17500     -4.78200     -4.78200
     -4.78200     -4.38900     -4.38900     -4.38900     -4.38900     -3.99600
     -3.99600     -3.99600     -3.99600     -3.60300     -3.60300     -3.60300
     -3.21000     -3.21000     -3.21000     -2.81700     -2.81700     -2.81700
     -2.42400     -2.42400     -2.03100     -2.03100     -1.63800     -1.63800
     -1.24500     -1.24500    -0.852004    -0.852004    -0.459004    -0.459004
   -0.0660039   -0.0660039     0.326996     0.326996     0.719996     0.719996
      1.11300      1.11300      1.50600      1.50600      1.89900      1.89900
      2.29200      2.29200      2.68500      2.68500      2.68500      3.07800
      3.07800      3.07800      3.47100      3.47100      3.86400      3.86400
      3.86400      4.25700      4.25700      4.25700      4.25700      4.65000
      4.65000      4.65000      4.65000      5.04300      5.04300      5.04300
      5.43600      5.43600      5.43600      5.82900      5.82900      6.22200
     -5.96101     -5.56801     -5.56801     -5.17500     -5.17500     -5.17500
     -4.78200     -4.78200     -4.78200     -4.38900     -4.38900     -4.38900
     -4.38900     -3.99600     -3.99600     -3.99600     -3.99600     -3.60300
     -3.60300     -3.60300     -3.60300     -3.21000     -3.21000     -3.21000
     -2.81700     -2.81700     -2.42400     -2.42400     -2.42400     -2.03100
     -2.03100     -2.03100     -1.63800     -1.63800     -1.24500     -1.24500
    -0.852004    -0.852004    -0.459004    -0.459004   -0.0660039   -0.0660039
     0.326996     0.326996     0.719996     0.719996      1.11300      1.11300
      1.50600      1.50600      1.89900      1.89900      2.29200      2.29200
      2.29200      2.68500      2.68500      2.68500      3.07800      3.07800
      3.47100      3.47100      3.47100      3.86400      3.86400      3.86400
      3.86400      4.25700      4.25700      4.25700      4.25700      4.65000
      4.65000      4.65000      5.04300      5.04300      5.04300      5.43600
      5.43600      5.82900     -5.56801     -5.17500     -5.17500     -4.78200
     -4.78200     -4.78200     -4.38900     -4.38900     -4.38900     -3.99600
     -3.99600     -3.99600     -3.99600     -3.60300     -3.60300     -3.60300
     -3.60300     -3.21000     -3.21000     -3.21000     -3.21000     -2.81700
     -2.81700     -2.81700     -2.42400     -2.42400     -2.03100     -2.03100
     -2.03100     -1.63800     -1.63800     -1.63800     -1.24500     -1.24500
     -1.24500    -0.852004    -0.852004    -0.459004    -0.459004   -0.0660039
   -0.0660039     0.326996     0.326996     0.719996     0.719996      1.11300
      1.11300      1.11300      1.50600      1.50600      1.50600      1.89900
      1.89900      1.89900      2.29200      2.29200      2.68500      2.68500
      2.68500      3.07800      3.07800      3.07800      3.47100      3.47100
      3.47100      3.47100      3.86400      3.86400      3.86400      3.86400
      4.25700      4.25700      4.25700      4.65000      4.65000      4.65000
      5.04300      5.04300      5.43600      5.43600     -5.17500     -5.17500
     -4.78200     -4.78200     -4.38900     -4.38900     -4.38900     -3.99600
     -3.99600     -3.99600     -3.60300     -3.60300     -3.60300     -3.60300
     -3.21000     -3.21000     -3.21000     -3.21000     -2.81700     -2.81700
     -2.81700     -2.81700     -2.42400     -2.42400     -2.42400     -2.03100
     -2.03100     -2.03100     -1.63800     -1.63800     -1.24500     -1.24500
     -1.24500    -0.852004    -0.852004    -0.852004    -0.459004    -0.459004
    -0.459004   -0.0660039   -0.0660039   -0.0660039     0.326996     0.326996
     0.326996     0.719996     0.719996     0.719996      1.11300      1.11300
      1.11300      1.50600      1.50600      1.89900      1.89900      2.29200
      2.29200      2.29200      2.68500      2.68500      2.68500      2.68500
      3.07800      3.07800      3.07800      3.07800      3.47100      3.47100
      3.47100      3.47100      3.86400      3.86400      3.86400      4.25700
      4.25700      4.25700      4.65000      4.65000      4.65000      5.04300
      5.04300      5.43600     -5.17500     -4.78200     -4.78200     -4.38900
     -4.38900     -3.99600     -3.99600     -3.99600     -3.60300     -3.60300
     -3.60300     -3.21000     -3.21000     -3.21000     -2.81700     -2.81700
     -2.81700     -2.81700     -2.42400     -2.42400     -2.42400     -2.42400
     -2.03100     -2.03100     -2.03100     -2.03100     -1.63800     -1.63800
     -1.63800     -1.24500     -1.24500     -1.24500    -0.852004    -0.852004
    -0.852004    -0.459004    -0.459004    -0.459004   -0.0660039   -0.0660039
     0.326996     0.326996     0.719996     0.719996     0.719996      1.11300
      1.11300      1.11300      1.50600      1.50600      1.50600      1.89900
      1.89900      1.89900      1.89900      2.29200      2.29200      2.29200
      2.29200      2.68500      2.68500      2.68500      2.68500      3.07800
      3.07800      3.07800      3.07800      3.47100      3.47100      3.47100
      3.86400      3.86400      3.86400      4.25700      4.25700      4.25700
      4.65000      4.65000      5.04300     -4.78200     -4.38900     -4.38900
     -3.99600     -3.99600     -3.60300     -3.60300     -3.60300     -3.21000
     -3.21000     -3.21000     -2.81700     -2.81700     -2.81700     -2.42400
     -2.42400     -2.42400     -2.42400     -2.03100     -2.03100     -2.03100
     -2.03100     -1.63800     -1.63800     -1.63800     -1.63800     -1.24500
     -1.24500     -1.24500     -1.24500    -0.852004    -0.852004    -0.852004
    -0.852004    -0.459004    -0.459004    -0.459004    -0.459004   -0.0660039
   -0.0660039   -0.0660039   -0.0660039     0.326996     0.326996     0.326996
     0.326996     0.719996     0.719996     0.719996     0.719996      1.11300
      1.11300      1.11300      1.11300      1.50600      1.50600      1.50600
      1.50600      1.89900      1.89900      1.89900      1.89900      2.29200
      2.29200      2.29200      2.29200      2.68500      2.68500      2.68500
      3.07800      3.07800      3.07800      3.47100      3.47100      3.47100
      3.86400      3.86400      4.25700      4.25700      4.65000     -3.99600
     -3.99600     -3.60300     -3.60300     -3.21000     -3.21000     -3.21000
     -2.81700     -2.81700     -2.81700     -2.42400     -2.42400     -2.42400
     -2.03100     -2.03100     -2.03100     -1.63800     -1.63800     -1.63800
     -1.24500     -1.24500     -1.24500     -1.24500    -0.852004    -0.852004
    -0.852004    -0.852004    -0.459004    -0.459004    -0.459004    -0.459004
   -0.0660039   -0.0660039   -0.0660039   -0.0660039     0.326996     0.326996
     0.326996     0.326996     0.719996     0.719996     0.719996     0.719996
      1.11300      1.11300      1.11300      1.11300      1.50600      1.50600
      1.50600      1.89900      1.89900      1.89900      2.29200      2.29200
      2.29200      2.68500      2.68500      2.68500      3.07800      3.07800
      3.07800      3.47100      3.47100      3.86400      3.86400      4.25700
     -3.60300     -3.21000     -3.21000     -2.81700     -2.81700     -2.42400
     -2.42400     -2.42400     -2.03100     -2.03100     -2.03100     -1.63800
     -1.63800     -1.63800     -1.24500     -1.24500     -1.24500    -0.852004
    -0.852004    -0.852004    -0.459004    -0.459004    -0.459004   -0.0660039
   -0.0660039   -0.0660039     0.326996     0.326996     0.326996     0.719996
     0.719996     0.719996      1.11300      1.11300      1.11300      1.50600
      1.50600      1.50600      1.89900      1.89900      1.89900      2.29200
      2.29200      2.29200      2.68500      2.68500      3.07800      3.07800
      3.47100     -2.81700     -2.42400     -2.42400     -2.03100     -2.03100
     -1.63800     -1.63800     -1.24500     -1.24500    -0.852004    -0.852004
    -0.852004    -0.459004    -0.459004    -0.459004   -0.0660039   -0.0660039
   -0.0660039     0.326996     0.326996     0.326996     0.719996     0.719996
     0.719996      1.11300      1.11300      1.11300      1.50600      1.50600
      1.89900      1.89900      2.29200      2.29200      2.68500      3.07800
     -2.03100     -1.63800     -1.24500     -1.24500    -0.852004    -0.852004
    -0.459004    -0.459004   -0.0660039   -0.0660039     0.326996     0.326996
     0.719996     0.719996      1.11300      1.11300      1.50600      1.89900
    -0.600000    -0.600000    -0.600000    -0.600000      1.80000    -0.600000
      1.80000    -0.600000      1.80000    -0.600000    -0.600000    -0.600000
    -0.600000    -0.600000    -0.600000      1.80000    -0.600000      1.80000
    -0.600000      1.80000    -0.600000      1.80000    -0.600000      1.80000
    -0.600000      1.80000    -0.600000      1.80000    -0.600000      1.80000
    -0.600000      1.80000    -0.600000      1.80000    -0.600000      1.80000
    -0.600000      1.80000    -0.600000    -0.600000    -0.600000    -0.600000
      1.80000    -0.600000      1.80000     -3.00000    -0.600000      1.80000
     -3.00000    -0.600000      1.80000     -3.00000    -0.600000      1.80000
     -3.00000    -0.600000      1.80000     -3.00000    -0.600000      1.80000
     -3.00000    -0.600000      1.80000     -3.00000    -0.600000      1.80000
     -3.00000    -0.600000      1.80000     -3.00000    -0.600000      1.80000
     -3.00000    -0.600000      1.80000     -3.00000    -0.600000      1.80000
    -0.600000      1.80000    -0.600000      1.80000    -0.600000      1.80000
    -0.600000    -0.600000    -0.600000      1.80000    -0.600000      1.80000
     -3.00000    -0.600000      1.80000     -3.00000    -0.600000      1.80000
     -3.00000    -0.600000      1.80000     -3.00000    -0.600000      1.80000
     -3.00000    -0.600000      1.80000     -3.00000    -0.600000      1.80000
     -3.00000    -0.600000      1.80000      4.20000     -3.00000    -0.600000
      1.80000      4.20000     -3.00000    -0.600000      1.80000      4.20000
     -3.00000    -0.600000      1.80000     -3.00000    -0.600000      1.80000
     -3.00000    -0.600000      1.80000     -3.00000    -0.600000      1.80000
     -3.00000    -0.600000      1.80000     -3.00000    -0.600000      1.80000
    -0.600000      1.80000    -0.600000      1.80000    -0.600000    -0.600000
    -0.600000      1.80000     -3.00000    -0.600000      1.80000     -3.00000
    -0.600000      1.80000     -3.00000    -0.600000      1.80000     -3.00000
    -0.600000      1.80000     -3.00000    -0.600000      1.80000      4.20000
     -3.00000    -0.600000      1.80000      4.20000     -3.00000    -0.600000
      1.80000      4.20000     -3.00000    -0.600000      1.80000      4.20000
     -3.00000    -0.600000      1.80000      4.20000     -3.00000    -0.600000
      1.80000      4.20000     -3.00000    -0.600000      1.80000      4.20000
     -3.00000    -0.600000      1.80000      4.20000     -3.00000    -0.600000
      1.80000      4.20000     -3.00000    -0.600000      1.80000      4.20000
     -3.00000    -0.600000      1.80000      4.20000     -3.00000    -0.600000
      1.80000     -3.00000    -0.600000      1.80000     -3.00000    -0.600000
      1.80000     -3.00000    -0.600000      1.80000    -0.600000      1.80000
    -0.600000      1.80000    -0.600000    -0.600000      1.80000    -0.600000
      1.80000     -3.00000    -0.600000      1.80000     -3.00000    -0.600000
      1.80000     -3.00000    -0.600000      1.80000     -3.00000    -0.600000
      1.80000      4.20000     -3.00000    -0.600000      1.80000      4.20000
     -3.00000    -0.600000      1.80000      4.20000     -3.00000    -0.600000
      1.80000      4.20000     -3.00000      1.80000      4.20000     -3.00000
      1.80000      4.20000     -3.00000      1.80000      4.20000     -3.00000
      1.80000      4.20000     -3.00000      1.80000      4.20000     -3.00000
      1.80000      4.20000     -3.00000      1.80000      4.20000     -3.00000
    -0.600000      1.80000      4.20000     -3.00000    -0.600000      1.80000
      4.20000     -3.00000    -0.600000      1.80000      4.20000     -3.00000
    -0.600000      1.80000      4.20000     -3.00000    -0.600000      1.80000
     -3.00000    -0.600000      1.80000     -3.00000    -0.600000      1.80000
    -0.600000      1.80000    -0.600000      1.80000    -0.600000    -0.600000
    -0.600000      1.80000     -3.00000    -0.600000      1.80000     -3.00000
    -0.600000      1.80000     -3.00000    -0.600000      1.80000     -3.00000
    -0.600000      1.80000      4.20000     -3.00000    -0.600000      1.80000
      4.20000     -3.00000    -0.600000      1.80000      4.20000     -3.00000
      1.80000      4.20000     -3.00000      1.80000      4.20000     -3.00000
      4.20000     -3.00000      4.20000     -5.40000     -3.00000      4.20000
     -5.40000     -3.00000      4.20000     -5.40000     -3.00000      4.20000
     -5.40000     -3.00000      4.20000     -3.00000      4.20000     -3.00000
      4.20000     -3.00000      1.80000      4.20000     -3.00000      1.80000
      4.20000     -3.00000    -0.600000      1.80000      4.20000     -3.00000
    -0.600000      1.80000      4.20000     -3.00000    -0.600000      1.80000
      4.20000     -3.00000    -0.600000      1.80000     -3.00000    -0.600000
      1.80000    -0.600000      1.80000    -0.600000      1.80000    -0.600000
    -0.600000      1.80000     -3.00000    -0.600000      1.80000     -3.00000
    -0.600000      1.80000     -3.00000    -0.600000      1.80000     -3.00000
    -0.600000      1.80000      4.20000     -3.00000    -0.600000      1.80000
      4.20000     -3.00000      1.80000      4.20000     -3.00000      1.80000
      4.20000     -3.00000      4.20000     -5.40000     -3.00000      4.20000
     -5.40000     -3.00000      4.20000     -5.40000     -3.00000      4.20000
     -5.40000     -3.00000      4.20000     -5.40000      4.20000     -5.40000
     -3.00000      4.20000     -5.40000     -3.00000      4.20000     -5.40000
     -3.00000      4.20000     -5.40000     -3.00000      4.20000     -5.40000
     -3.00000      4.20000     -3.00000      4.20000     -3.00000      1.80000
      4.20000     -3.00000    -0.600000      1.80000      4.20000     -3.00000
    -0.600000      1.80000      4.20000     -3.00000    -0.600000      1.80000
      4.20000     -3.00000    -0.600000      1.80000     -3.00000    -0.600000
      1.80000    -0.600000      1.80000    -0.600000      1.80000    -0.600000
    -0.600000      1.80000     -3.00000    -0.600000      1.80000     -3.00000
    -0.600000      1.80000     -3.00000    -0.600000      1.80000     -3.00000
    -0.600000      1.80000      4.20000     -3.00000    -0.600000      1.80000
      4.20000     -3.00000      1.80000      4.20000     -3.00000      4.20000
     -5.40000     -3.00000      4.20000     -5.40000     -3.00000      4.20000
     -5.40000      4.20000     -5.40000      4.20000     -5.40000      4.20000
     -5.40000      4.20000     -5.40000      4.20000     -5.40000      4.20000
     -5.40000      4.20000     -5.40000      4.20000     -5.40000      4.20000
     -5.40000     -3.00000      4.20000     -5.40000     -3.00000      4.20000
     -3.00000      4.20000     -3.00000      1.80000      4.20000     -3.00000
    -0.600000      1.80000      4.20000     -3.00000    -0.600000      1.80000
      4.20000     -3.00000    -0.600000      1.80000      4.20000     -3.00000
    -0.600000      1.80000     -3.00000    -0.600000      1.80000    -0.600000
      1.80000    -0.600000    -0.600000    -0.600000      1.80000     -3.00000
    -0.600000      1.80000     -3.00000    -0.600000      1.80000     -3.00000
    -0.600000      1.80000      4.20000     -3.00000    -0.600000      1.80000
      4.20000     -3.00000      1.80000      4.20000     -3.00000      4.20000
     -5.40000     -3.00000      4.20000     -5.40000     -3.00000      4.20000
     -5.40000      4.20000     -5.40000      4.20000     -5.40000      4.20000
     -5.40000      4.20000     -5.40000      4.20000     -5.40000      4.20000
     -5.40000      4.20000     -5.40000      4.20000     -5.40000      4.20000
     -5.40000      4.20000     -5.40000      4.20000     -5.40000      4.20000
     -5.40000     -3.00000      4.20000     -5.40000     -3.00000      4.20000
     -3.00000      1.80000      4.20000     -3.00000    -0.600000      1.80000
      4.20000     -3.00000    -0.600000      1.80000      4.20000     -3.00000
    -0.600000      1.80000     -3.00000    -0.600000      1.80000     -3.00000
    -0.600000      1.80000    -0.600000      1.80000    -0.600000    -0.600000
      1.80000     -3.00000    -0.600000      1.80000     -3.00000    -0.600000
      1.80000     -3.00000    -0.600000      1.80000      4.20000     -3.00000
    -0.600000      1.80000      4.20000     -3.00000      1.80000      4.20000
     -3.00000      4.20000     -5.40000     -3.00000      4.20000     -5.40000
      4.20000     -5.40000      4.20000     -5.40000      4.20000     -5.40000
      4.20000     -5.40000      4.20000     -5.40000      4.20000     -5.40000
      4.20000     -5.40000      4.20000     -5.40000      4.20000     -5.40000
      4.20000     -5.40000      4.20000     -5.40000      4.20000     -5.40000
      4.20000     -5.40000      4.20000     -5.40000      4.20000     -5.40000
     -3.00000      4.20000     -3.00000      4.20000     -3.00000      1.80000
      4.20000     -3.00000    -0.600000      1.80000      4.20000     -3.00000
    -0.600000      1.80000      4.20000     -3.00000    -0.600000      1.80000
     -3.00000    -0.600000      1.80000    -0.600000      1.80000    -0.600000
    -0.600000    -0.600000      1.80000     -3.00000    -0.600000      1.80000
     -3.00000    -0.600000      1.80000     -3.00000    -0.600000      1.80000
      4.20000     -3.00000    -0.600000      1.80000      4.20000     -3.00000
      1.80000      4.20000     -5.40000     -3.00000      4.20000     -5.40000
     -3.00000      4.20000     -5.40000      4.20000     -5.40000      4.20000
     -5.40000      4.20000     -5.40000      4.20000     -5.40000      4.20000
     -5.40000     -5.40000     -5.40000     -5.40000     -5.40000     -5.40000
     -5.40000      4.20000     -5.40000      4.20000     -5.40000      4.20000
     -5.40000      4.20000     -5.40000      4.20000     -5.40000     -3.00000
      4.20000     -3.00000      4.20000     -3.00000      1.80000      4.20000
     -3.00000    -0.600000      1.80000      4.20000     -3.00000    -0.600000
      1.80000      4.20000     -3.00000    -0.600000      1.80000     -3.00000
    -0.600000      1.80000    -0.600000      1.80000    -0.600000      1.80000
     -3.00000    -0.600000      1.80000     -3.00000    -0.600000      1.80000
     -3.00000    -0.600000      1.80000      4.20000     -3.00000    -0.600000
      1.80000      4.20000     -3.00000      1.80000      4.20000     -3.00000
      4.20000     -5.40000     -3.00000      4.20000     -5.40000      4.20000
     -5.40000      4.20000     -5.40000      4.20000     -5.40000      4.20000
     -5.40000     -5.40000     -5.40000      6.60000     -5.40000      6.60000
     -5.40000      6.60000     -5.40000      6.60000     -5.40000      6.60000
     -5.40000      6.60000     -5.40000     -5.40000      4.20000     -5.40000
      4.20000     -5.40000      4.20000     -5.40000      4.20000     -5.40000
     -3.00000      4.20000     -5.40000     -3.00000      4.20000     -3.00000
      1.80000      4.20000     -3.00000    -0.600000      1.80000      4.20000
     -3.00000    -0.600000      1.80000      4.20000     -3.00000    -0.600000
      1.80000     -3.00000    -0.600000      1.80000    -0.600000      1.80000
    -0.600000    -0.600000    -0.600000      1.80000     -3.00000    -0.600000
      1.80000     -3.00000    -0.600000      1.80000     -3.00000    -0.600000
      1.80000      4.20000     -3.00000    -0.600000      1.80000      4.20000
     -3.00000      1.80000      4.20000     -5.40000     -3.00000      4.20000
     -5.40000      4.20000     -5.40000      4.20000     -5.40000      4.20000
     -5.40000      4.20000     -5.40000     -5.40000      6.60000     -5.40000
      6.60000     -5.40000      6.60000     -5.40000      6.60000     -5.40000
      6.60000     -5.40000      6.60000     -5.40000      6.60000     -5.40000
      6.60000     -5.40000      6.60000     -5.40000     -5.40000      4.20000
     -5.40000      4.20000     -5.40000      4.20000     -5.40000      4.20000
     -5.40000     -3.00000      4.20000     -3.00000      4.20000     -3.00000
      1.80000      4.20000     -3.00000    -0.600000      1.80000      4.20000
     -3.00000    -0.600000      1.80000     -3.00000    -0.600000      1.80000
    -0.600000      1.80000    -0.600000    -0.600000    -0.600000      1.80000
     -3.00000    -0.600000      1.80000     -3.00000    -0.600000      1.80000
     -3.00000    -0.600000      1.80000      4.20000     -3.00000      1.80000
      4.20000     -3.00000      4.20000     -5.40000     -3.00000      4.20000
     -5.40000      4.20000     -5.40000      4.20000     -5.40000      4.20000
     -5.40000      4.20000     -5.40000     -5.40000      6.60000     -5.40000
      6.60000     -5.40000      6.60000     -5.40000      6.60000     -5.40000
      6.60000     -5.40000      6.60000     -5.40000      6.60000     -5.40000
      6.60000     -5.40000      6.60000     -5.40000      6.60000     -5.40000
     -5.40000      4.20000     -5.40000      4.20000     -5.40000      4.20000
     -5.40000     -3.00000      4.20000     -5.40000     -3.00000      4.20000
     -3.00000      1.80000      4.20000     -3.00000    -0.600000      1.80000
      4.20000     -3.00000    -0.600000      1.80000      4.20000     -3.00000
    -0.600000      1.80000    -0.600000      1.80000    -0.600000      1.80000
    -0.600000    -0.600000      1.80000     -3.00000    -0.600000      1.80000
     -3.00000    -0.600000      1.80000     -3.00000    -0.600000      1.80000
      4.20000     -3.00000      1.80000      4.20000     -3.00000      4.20000
     -5.40000     -3.00000      4.20000     -5.40000      4.20000     -5.40000
      4.20000     -5.40000      4.20000     -5.40000     -5.40000      6.60000
     -5.40000      6.60000     -5.40000      6.60000     -5.40000      6.60000
     -5.40000      6.60000     -5.40000      6.60000     -5.40000      6.60000
     -5.40000      6.60000     -5.40000      6.60000     -5.40000      6.60000
     -5.40000      6.60000     -5.40000     -5.40000      4.20000     -5.40000
      4.20000     -5.40000      4.20000     -5.40000      4.20000     -5.40000
     -3.00000      4.20000     -3.00000      1.80000      4.20000     -3.00000
    -0.600000      1.80000      4.20000     -3.00000    -0.600000      1.80000
      4.20000     -3.00000    -0.600000      1.80000     -3.00000    -0.600000
      1.80000    -0.600000      1.80000    -0.600000      1.80000    -0.600000
      1.80000     -3.00000    -0.600000      1.80000     -3.00000    -0.600000
      1.80000      4.20000     -3.00000    -0.600000      1.80000      4.20000
     -3.00000      1.80000      4.20000     -5.40000     -3.00000      4.20000
     -5.40000     -3.00000      4.20000     -5.40000      4.20000     -5.40000
      4.20000     -5.40000      4.20000     -5.40000     -5.40000      6.60000
     -5.40000      6.60000     -5.40000      6.60000     -5.40000      6.60000
     -5.40000      6.60000     -5.40000      6.60000     -5.40000      6.60000
     -5.40000      6.60000     -5.40000      6.60000     -5.40000      6.60000
     -5.40000      6.60000     -5.40000     -5.40000      4.20000     -5.40000
      4.20000     -5.40000      4.20000     -5.40000      4.20000     -5.40000
     -3.00000      4.20000     -3.00000      1.80000      4.20000     -3.00000
    -0.600000      1.80000      4.20000     -3.00000    -0.600000      1.80000
      4.20000     -3.00000    -0.600000      1.80000     -3.00000    -0.600000
      1.80000    -0.600000      1.80000    -0.600000      1.80000    -0.600000
      1.80000     -3.00000    -0.600000      1.80000     -3.00000    -0.600000
      1.80000      4.20000     -3.00000    -0.600000      1.80000      4.20000
     -3.00000      1.80000      4.20000     -5.40000     -3.00000      4.20000
     -5.40000      4.20000     -5.40000      4.20000     -5.40000      4.20000
     -5.40000      4.20000     -5.40000     -5.40000      6.60000     -5.40000
      6.60000     -5.40000      6.60000     -5.40000      6.60000     -5.40000
      6.60000     -5.40000      6.60000     -5.40000      6.60000     -5.40000
      6.60000     -5.40000      6.60000     -5.40000      6.60000     -5.40000
      6.60000     -5.40000      6.60000     -5.40000     -5.40000      4.20000
     -5.40000      4.20000     -5.40000      4.20000     -5.40000     -3.00000
      4.20000     -3.00000      4.20000     -3.00000    -0.600000      1.80000
      4.20000     -3.00000    -0.600000      1.80000      4.20000     -3.00000
    -0.600000      1.80000     -3.00000    -0.600000      1.80000    -0.600000
      1.80000    -0.600000      1.80000    -0.600000      1.80000     -3.00000
    -0.600000      1.80000     -3.00000    -0.600000      1.80000      4.20000
     -3.00000    -0.600000      1.80000      4.20000     -3.00000      1.80000
      4.20000     -5.40000     -3.00000      4.20000     -5.40000     -3.00000
      4.20000     -5.40000      4.20000     -5.40000      4.20000     -5.40000
      4.20000     -5.40000     -5.40000      6.60000     -5.40000      6.60000
     -5.40000      6.60000     -5.40000      6.60000     -5.40000      6.60000
     -5.40000      6.60000     -5.40000      6.60000     -5.40000      6.60000
     -5.40000      6.60000     -5.40000      6.60000     -5.40000      6.60000
     -5.40000      6.60000     -5.40000     -5.40000      4.20000     -5.40000
      4.20000     -5.40000      4.20000     -5.40000     -3.00000      4.20000
     -3.00000      4.20000     -3.00000    -0.600000      1.80000      4.20000
     -3.00000    -0.600000      1.80000      4.20000     -3.00000    -0.600000
      1.80000     -3.00000    -0.600000      1.80000    -0.600000      1.80000
    -0.600000    -0.600000      1.80000     -3.00000    -0.600000      1.80000
     -3.00000    -0.600000      1.80000     -3.00000    -0.600000      1.80000
      4.20000     -3.00000      1.80000      4.20000     -5.40000     -3.00000
      4.20000     -5.40000     -3.00000      4.20000     -5.40000      4.20000
     -5.40000      4.20000     -5.40000      4.20000     -5.40000     -5.40000
      6.60000     -5.40000      6.60000     -5.40000      6.60000     -5.40000
      6.60000     -5.40000      6.60000     -5.40000      6.60000     -5.40000
      6.60000     -5.40000      6.60000     -5.40000      6.60000     -5.40000
      6.60000     -5.40000      6.60000     -5.40000     -5.40000      4.20000
     -5.40000      4.20000     -5.40000      4.20000     -5.40000      4.20000
     -5.40000     -3.00000      4.20000     -3.00000      1.80000      4.20000
     -3.00000    -0.600000      1.80000      4.20000     -3.00000    -0.600000
      1.80000      4.20000     -3.00000    -0.600000      1.80000     -3.00000
    -0.600000      1.80000    -0.600000      1.80000    -0.600000    -0.600000
      1.80000     -3.00000    -0.600000      1.80000     -3.00000    -0.600000
      1.80000     -3.00000    -0.600000      1.80000      4.20000     -3.00000
      1.80000      4.20000     -3.00000      4.20000     -5.40000     -3.00000
      4.20000     -5.40000      4.20000     -5.40000      4.20000     -5.40000
      4.20000     -5.40000     -5.40000      6.60000     -5.40000      6.60000
     -5.40000      6.60000     -5.40000      6.60000     -5.40000      6.60000
     -5.40000      6.60000     -5.40000      6.60000     -5.40000      6.60000
     -5.40000      6.60000     -5.40000      6.60000     -5.40000      6.60000
     -5.40000     -5.40000      4.20000     -5.40000      4.20000     -5.40000
      4.20000     -5.40000     -3.00000      4.20000     -5.40000     -3.00000
      4.20000     -3.00000      1.80000      4.20000     -3.00000    -0.600000
      1.80000      4.20000     -3.00000    -0.600000      1.80000      4.20000
     -3.00000    -0.600000      1.80000     -3.00000    -0.600000      1.80000
    -0.600000      1.80000    -0.600000    -0.600000      1.80000     -3.00000
    -0.600000      1.80000     -3.00000    -0.600000      1.80000     -3.00000
    -0.600000      1.80000      4.20000     -3.00000    -0.600000      1.80000
      4.20000     -3.00000      4.20000     -5.40000     -3.00000      4.20000
     -5.40000      4.20000     -5.40000      4.20000     -5.40000      4.20000
     -5.40000      4.20000     -5.40000     -5.40000      6.60000     -5.40000
      6.60000     -5.40000      6.60000     -5.40000      6.60000     -5.40000
      6.60000     -5.40000      6.60000     -5.40000      6.60000     -5.40000
      6.60000     -5.40000      6.60000     -5.40000     -5.40000      4.20000
     -5.40000      4.20000     -5.40000      4.20000     -5.40000      4.20000
     -5.40000     -3.00000      4.20000     -3.00000      4.20000     -3.00000
      1.80000      4.20000     -3.00000    -0.600000      1.80000      4.20000
     -3.00000    -0.600000      1.80000     -3.00000    -0.600000      1.80000
    -0.600000      1.80000    -0.600000    -0.600000      1.80000     -3.00000
    -0.600000      1.80000     -3.00000    -0.600000      1.80000     -3.00000
    -0.600000      1.80000      4.20000     -3.00000    -0.600000      1.80000
      4.20000     -3.00000      1.80000      4.20000     -5.40000     -3.00000
      4.20000     -5.40000     -3.00000      4.20000     -5.40000      4.20000
     -5.40000      4.20000     -5.40000      4.20000     -5.40000      4.20000
     -5.40000     -5.40000      6.60000     -5.40000      6.60000     -5.40000
      6.60000     -5.40000      6.60000     -5.40000      6.60000     -5.40000
      6.60000     -5.40000      6.60000     -5.40000     -5.40000     -5.40000
      4.20000     -5.40000      4.20000     -5.40000      4.20000     -5.40000
      4.20000     -5.40000     -3.00000      4.20000     -3.00000      4.20000
     -3.00000    -0.600000      1.80000      4.20000     -3.00000    -0.600000
      1.80000      4.20000     -3.00000    -0.600000      1.80000     -3.00000
    -0.600000      1.80000    -0.600000      1.80000    -0.600000    -0.600000
      1.80000    -0.600000      1.80000     -3.00000    -0.600000      1.80000
     -3.00000    -0.600000      1.80000     -3.00000    -0.600000      1.80000
      4.20000     -3.00000      1.80000      4.20000     -3.00000      4.20000
     -5.40000     -3.00000      4.20000     -5.40000      4.20000     -5.40000
      4.20000     -5.40000      4.20000     -5.40000      4.20000     -5.40000
      4.20000     -5.40000     -5.40000     -5.40000     -5.40000      6.60000
     -5.40000      6.60000     -5.40000     -5.40000     -5.40000      4.20000
     -5.40000      4.20000     -5.40000      4.20000     -5.40000      4.20000
     -5.40000      4.20000     -5.40000     -3.00000      4.20000     -3.00000
      4.20000     -3.00000      1.80000      4.20000     -3.00000    -0.600000
      1.80000      4.20000     -3.00000    -0.600000      1.80000      4.20000
     -3.00000    -0.600000      1.80000     -3.00000    -0.600000      1.80000
    -0.600000      1.80000    -0.600000    -0.600000      1.80000     -3.00000
    -0.600000      1.80000     -3.00000    -0.600000      1.80000     -3.00000
    -0.600000      1.80000      4.20000     -3.00000    -0.600000      1.80000
      4.20000     -3.00000      1.80000      4.20000     -3.00000      4.20000
     -5.40000     -3.00000      4.20000     -5.40000      4.20000     -5.40000
      4.20000     -5.40000      4.20000     -5.40000      4.20000     -5.40000
      4.20000     -5.40000      4.20000     -5.40000      4.20000     -5.40000
     -5.40000     -5.40000      4.20000     -5.40000      4.20000     -5.40000
      4.20000     -5.40000      4.20000     -5.40000      4.20000     -5.40000
      4.20000     -5.40000     -3.00000      4.20000     -5.40000     -3.00000
      4.20000     -3.00000      1.80000      4.20000     -3.00000    -0.600000
      1.80000      4.20000     -3.00000    -0.600000      1.80000      4.20000
     -3.00000    -0.600000      1.80000     -3.00000    -0.600000      1.80000
    -0.600000      1.80000    -0.600000    -0.600000      1.80000    -0.600000
      1.80000     -3.00000    -0.600000      1.80000     -3.00000    -0.600000
      1.80000     -3.00000    -0.600000      1.80000      4.20000     -3.00000
    -0.600000      1.80000      4.20000     -3.00000      1.80000      4.20000
     -5.40000     -3.00000      4.20000     -5.40000     -3.00000      4.20000
     -5.40000      4.20000     -5.40000      4.20000     -5.40000      4.20000
     -5.40000      4.20000     -5.40000      4.20000     -5.40000      4.20000
     -5.40000      4.20000     -5.40000      4.20000     -5.40000      4.20000
     -5.40000      4.20000     -5.40000      4.20000     -5.40000      4.20000
     -5.40000      4.20000     -5.40000     -3.00000      4.20000     -5.40000
     -3.00000      4.20000     -3.00000      4.20000     -3.00000      1.80000
      4.20000     -3.00000    -0.600000      1.80000      4.20000     -3.00000
    -0.600000      1.80000      4.20000     -3.00000    -0.600000      1.80000
     -3.00000    -0.600000      1.80000    -0.600000      1.80000    -0.600000
    -0.600000    -0.600000      1.80000     -3.00000    -0.600000      1.80000
     -3.00000    -0.600000      1.80000     -3.00000    -0.600000      1.80000
      4.20000     -3.00000    -0.600000      1.80000      4.20000     -3.00000
    -0.600000      1.80000      4.20000     -3.00000      1.80000      4.20000
     -3.00000      4.20000     -5.40000     -3.00000      4.20000     -5.40000
     -3.00000      4.20000     -5.40000      4.20000     -5.40000      4.20000
     -5.40000      4.20000     -5.40000      4.20000     -5.40000      4.20000
     -5.40000      4.20000     -5.40000      4.20000     -5.40000      4.20000
     -5.40000      4.20000     -5.40000      4.20000     -5.40000     -3.00000
      4.20000     -5.40000     -3.00000      4.20000     -3.00000      4.20000
     -3.00000      1.80000      4.20000     -3.00000    -0.600000      1.80000
      4.20000     -3.00000    -0.600000      1.80000      4.20000     -3.00000
    -0.600000      1.80000     -3.00000    -0.600000      1.80000    -0.600000
      1.80000    -0.600000    -0.600000    -0.600000      1.80000     -3.00000
    -0.600000      1.80000     -3.00000    -0.600000      1.80000     -3.00000
    -0.600000      1.80000      4.20000     -3.00000    -0.600000      1.80000
      4.20000     -3.00000    -0.600000      1.80000      4.20000     -3.00000
      1.80000      4.20000     -3.00000      4.20000     -5.40000     -3.00000
      4.20000     -5.40000     -3.00000      4.20000     -5.40000     -3.00000
      4.20000     -5.40000      4.20000     -5.40000      4.20000     -5.40000
      4.20000     -5.40000      4.20000     -5.40000      4.20000     -5.40000
     -3.00000      4.20000     -5.40000     -3.00000      4.20000     -5.40000
     -3.00000      4.20000     -3.00000      4.20000     -3.00000      1.80000
      4.20000     -3.00000      1.80000      4.20000     -3.00000    -0.600000
      1.80000      4.20000     -3.00000    -0.600000      1.80000      4.20000
     -3.00000    -0.600000      1.80000     -3.00000    -0.600000      1.80000
    -0.600000      1.80000    -0.600000      1.80000    -0.600000      1.80000
    -0.600000      1.80000     -3.00000    -0.600000      1.80000     -3.00000
    -0.600000      1.80000     -3.00000    -0.600000      1.80000      4.20000
     -3.00000    -0.600000      1.80000      4.20000     -3.00000    -0.600000
      1.80000      4.20000     -3.00000      1.80000      4.20000     -3.00000
      1.80000      4.20000     -3.00000      4.20000     -5.40000     -3.00000
      4.20000     -5.40000     -3.00000      4.20000     -5.40000     -3.00000
      4.20000     -5.40000     -3.00000      4.20000     -5.40000     -3.00000
      4.20000     -5.40000     -3.00000      4.20000     -5.40000     -3.00000
      4.20000     -3.00000      4.20000     -3.00000      4.20000     -3.00000
      1.80000      4.20000     -3.00000    -0.600000      1.80000      4.20000
     -3.00000    -0.600000      1.80000      4.20000     -3.00000    -0.600000
      1.80000      4.20000     -3.00000    -0.600000      1.80000     -3.00000
    -0.600000      1.80000     -3.00000    -0.600000      1.80000    -0.600000
      1.80000    -0.600000    -0.600000    -0.600000      1.80000    -0.600000
      1.80000     -3.00000    -0.600000      1.80000     -3.00000    -0.600000
      1.80000     -3.00000    -0.600000      1.80000     -3.00000    -0.600000
      1.80000      4.20000     -3.00000    -0.600000      1.80000      4.20000
     -3.00000    -0.600000      1.80000      4.20000     -3.00000      1.80000
      4.20000     -3.00000      1.80000      4.20000     -3.00000      1.80000
      4.20000     -3.00000      1.80000      4.20000     -3.00000      4.20000
     -3.00000      4.20000     -3.00000      1.80000      4.20000     -3.00000
      1.80000      4.20000     -3.00000      1.80000      4.20000     -3.00000
    -0.600000      1.80000      4.20000     -3.00000    -0.600000      1.80000
      4.20000     -3.00000    -0.600000      1.80000      4.20000     -3.00000
    -0.600000      1.80000      4.20000     -3.00000    -0.600000      1.80000
     -3.00000    -0.600000      1.80000     -3.00000    -0.600000      1.80000
    -0.600000      1.80000    -0.600000    -0.600000    -0.600000      1.80000
    -0.600000      1.80000     -3.00000    -0.600000      1.80000     -3.00000
    -0.600000      1.80000     -3.00000    -0.600000      1.80000     -3.00000
    -0.600000      1.80000      4.20000     -3.00000    -0.600000      1.80000
      4.20000     -3.00000    -0.600000      1.80000      4.20000     -3.00000
    -0.600000      1.80000      4.20000     -3.00000    -0.600000      1.80000
      4.20000     -3.00000    -0.600000      1.80000      4.20000     -3.00000
    -0.600000      1.80000      4.20000     -3.00000    -0.600000      1.80000
      4.20000     -3.00000    -0.600000      1.80000      4.20000     -3.00000
    -0.600000      1.80000      4.20000     -3.00000    -0.600000      1.80000
      4.20000     -3.00000    -0.600000      1.80000      4.20000     -3.00000
    -0.600000      1.80000      4.20000     -3.00000    -0.600000      1.80000
     -3.00000    -0.600000      1.80000     -3.00000    -0.600000      1.80000
    -0.600000      1.80000    -0.600000      1.80000    -0.600000    -0.600000
      1.80000    -0.600000      1.80000     -3.00000    -0.600000      1.80000
     -3.00000    -0.600000      1.80000     -3.00000    -0.600000      1.80000
     -3.00000    -0.600000      1.80000     -3.00000    -0.600000      1.80000
     -3.00000    -0.600000      1.80000      4.20000     -3.00000    -0.600000
      1.80000      4.20000     -3.00000    -0.600000      1.80000      4.20000
     -3.00000    -0.600000      1.80000      4.20000     -3.00000    -0.600000
      1.80000      4.20000     -3.00000    -0.600000      1.80000      4.20000
     -3.00000    -0.600000      1.80000      4.20000     -3.00000    -0.600000
      1.80000     -3.00000    -0.600000      1.80000     -3.00000    -0.600000
      1.80000     -3.00000    -0.600000      1.80000     -3.00000    -0.600000
      1.80000    -0.600000      1.80000    -0.600000      1.80000    -0.600000
    -0.600000    -0.600000      1.80000    -0.600000      1.80000     -3.00000
    -0.600000      1.80000     -3.00000    -0.600000      1.80000     -3.00000
    -0.600000      1.80000     -3.00000    -0.600000      1.80000     -3.00000
    -0.600000      1.80000     -3.00000    -0.600000      1.80000     -3.00000
    -0.600000      1.80000     -3.00000    -0.600000      1.80000     -3.00000
    -0.600000      1.80000     -3.00000    -0.600000      1.80000     -3.00000
    -0.600000      1.80000     -3.00000    -0.600000      1.80000     -3.00000
    -0.600000      1.80000    -0.600000      1.80000    -0.600000      1.80000
    -0.600000    -0.600000    -0.600000      1.80000    -0.600000      1.80000
    -0.600000      1.80000    -0.600000      1.80000     -3.00000    -0.600000
      1.80000     -3.00000    -0.600000      1.80000     -3.00000    -0.600000
      1.80000     -3.00000    -0.600000      1.80000     -3.00000    -0.600000
      1.80000     -3.00000    -0.600000      1.80000    -0.600000      1.80000
    -0.600000      1.80000    -0.600000      1.80000    -0.600000    -0.600000
    -0.600000    -0.600000    -0.600000      1.80000    -0.600000      1.80000
    -0.600000      1.80000    -0.600000      1.80000    -0.600000      1.80000
    -0.600000      1.80000    -0.600000      1.80000    -0.600000    -0.600000
