     -2.61799      5.23599     -2.09439
     -2.60567      5.21545     -2.08618
     -2.59335      5.19492     -2.07797
     -2.58103      5.17439     -2.06975
     -2.56871      5.15385     -2.06154
     -2.55639      5.13332     -2.05333
     -2.54407      5.11279     -2.04511
     -2.53175      5.09225     -2.03690
     -2.51943      5.07172     -2.02869
     -2.50711      5.05119     -2.02047
     -2.49479      5.03065     -2.01226
     -2.48247      5.01012     -2.00405
     -2.47015      4.98959     -1.99583
     -2.45783      4.96905     -1.98762
     -2.44551      4.94852     -1.97941
     -2.43319      4.92799     -1.97119
     -2.42087      4.90745     -1.96298
     -2.40855      4.88692     -1.95477
     -2.39623      4.86639     -1.94655
     -2.38391      4.84585     -1.93834
     -2.37159      4.82532     -1.93013
     -2.35927      4.80479     -1.92191
     -2.34695      4.78425     -1.91370
     -2.33463      4.76372     -1.90549
     -2.32231      4.74319     -1.89727
     -2.30999      4.72265     -1.88906
     -2.29767      4.70212     -1.88085
     -2.28535      4.68159     -1.87263
     -2.27303      4.66105     -1.86442
     -2.26071      4.64052     -1.85621
     -2.24839      4.61999     -1.84799
     -2.23607      4.59945     -1.83978
     -2.22375      4.57892     -1.83157
     -2.21143      4.55839     -1.82335
     -2.19911      4.53785     -1.81514
     -2.18679      4.51732     -1.80693
     -2.17447      4.49679     -1.79871
     -2.16215      4.47625     -1.79050
     -2.14983      4.45572     -1.78229
     -2.13752      4.43518     -1.77407
     -2.12520      4.41465     -1.76586
     -2.11287      4.39412     -1.75765
     -2.10055      4.37358     -1.74943
     -2.08824      4.35305     -1.74122
     -2.07592      4.33252     -1.73301
     -2.06360      4.31198     -1.72479
     -2.05128      4.29145     -1.71658
     -2.03896      4.27092     -1.70837
     -2.02664      4.25038     -1.70015
     -2.01432      4.22985     -1.69194
     -2.00200      4.20932     -1.68373
     -1.98968      4.18878     -1.67551
     -1.97736      4.16825     -1.66730
     -1.96504      4.14772     -1.65909
     -1.95272      4.12718     -1.65087
     -1.94040      4.10665     -1.64266
     -1.92808      4.08612     -1.63445
     -1.91576      4.06558     -1.62623
     -1.90344      4.04505     -1.61802
     -1.89112      4.02452     -1.60981
     -1.87880      4.00398     -1.60159
     -1.86648      3.98345     -1.59338
     -1.85416      3.96292     -1.58517
     -1.84184      3.94238     -1.57695
     -1.82952      3.92185     -1.56874
     -1.81720      3.90132     -1.56053
     -1.80488      3.88078     -1.55231
     -1.79256      3.86025     -1.54410
     -1.78024      3.83972     -1.53589
     -1.76792      3.81918     -1.52767
     -1.75560      3.79865     -1.51946
     -1.74328      3.77812     -1.51125
     -1.73096      3.75758     -1.50303
     -1.71864      3.73705     -1.49482
     -1.70632      3.71652     -1.48661
     -1.69400      3.69598     -1.47839
     -1.68168      3.67545     -1.47018
     -1.66936      3.65492     -1.46197
     -1.65704      3.63438     -1.45375
     -1.64472      3.61385     -1.44554
     -1.63240      3.59332     -1.43733
     -1.62008      3.57278     -1.42911
     -1.60776      3.55225     -1.42090
     -1.59544      3.53172     -1.41269
     -1.58312      3.51118     -1.40447
     -1.57080      3.49065     -1.39626
     -1.55848      3.47012     -1.38805
     -1.54616      3.44958     -1.37983
     -1.53384      3.42905     -1.37162
     -1.52152      3.40851     -1.36341
     -1.50920      3.38798     -1.35519
     -1.49688      3.36745     -1.34698
     -1.48456      3.34691     -1.33877
     -1.47224      3.32638     -1.33055
     -1.45992      3.30585     -1.32234
     -1.44760      3.28531     -1.31413
     -1.43528      3.26478     -1.30591
     -1.42296      3.24425     -1.29770
     -1.41064      3.22371     -1.28949
     -1.39832      3.20318     -1.28127
     -1.38600      3.18265     -1.27306
     -1.37368      3.16211     -1.26485
     -1.36136      3.14158     -1.25663
     -1.34904      3.12105     -1.24842
     -1.33672      3.10051     -1.24021
     -1.32440      3.07998     -1.23199
     -1.31208      3.05945     -1.22378
     -1.29976      3.03891     -1.21557
     -1.28744      3.01838     -1.20735
     -1.27512      2.99785     -1.19914
     -1.26280      2.97731     -1.19093
     -1.25048      2.95678     -1.18271
     -1.23816      2.93625     -1.17450
     -1.22584      2.91571     -1.16629
     -1.21352      2.89518     -1.15807
     -1.20120      2.87465     -1.14986
     -1.18888      2.85411     -1.14165
     -1.17656      2.83358     -1.13343
     -1.16424      2.81305     -1.12522
     -1.15192      2.79251     -1.11701
     -1.13960      2.77198     -1.10879
     -1.12728      2.75145     -1.10058
     -1.11496      2.73091     -1.09237
     -1.10264      2.71038     -1.08415
     -1.09032      2.68985     -1.07594
     -1.07800      2.66931     -1.06772
     -1.06568      2.64878     -1.05951
     -1.05336      2.62825     -1.05130
     -1.04104      2.60771     -1.04308
     -1.02872      2.58718     -1.03487
     -1.01640      2.56665     -1.02666
     -1.00408      2.54611     -1.01844
    -0.991758      2.52558     -1.01023
    -0.979438      2.50505     -1.00202
    -0.967118      2.48451    -0.993805
    -0.954798      2.46398    -0.985591
    -0.942478      2.44344    -0.977378
    -0.930158      2.42291    -0.969165
    -0.917838      2.40238    -0.960951
    -0.905518      2.38184    -0.952738
    -0.893198      2.36131    -0.944525
    -0.880878      2.34078    -0.936311
    -0.868558      2.32024    -0.928098
    -0.856238      2.29971    -0.919884
    -0.843918      2.27918    -0.911671
    -0.831598      2.25864    -0.903458
    -0.819278      2.23811    -0.895244
    -0.806958      2.21758    -0.887031
    -0.794638      2.19704    -0.878818
    -0.782318      2.17651    -0.870604
    -0.769998      2.15598    -0.862391
    -0.757678      2.13544    -0.854178
    -0.745358      2.11491    -0.845964
    -0.733038      2.09438    -0.837751
    -0.720718      2.07384    -0.829538
    -0.708398      2.05331    -0.821324
    -0.696078      2.03278    -0.813111
    -0.683758      2.01224    -0.804897
    -0.671438      1.99171    -0.796684
    -0.659118      1.97118    -0.788471
    -0.646798      1.95064    -0.780257
    -0.634478      1.93011    -0.772044
    -0.622159      1.90958    -0.763831
    -0.609838      1.88904    -0.755617
    -0.597519      1.86851    -0.747404
    -0.585199      1.84798    -0.739191
    -0.572879      1.82744    -0.730977
    -0.560559      1.80691    -0.722764
    -0.548239      1.78638    -0.714550
    -0.535919      1.76584    -0.706337
    -0.523599      1.74531    -0.698124
    -0.511279      1.72478    -0.689910
    -0.498959      1.70424    -0.681697
    -0.486639      1.68371    -0.673484
    -0.474319      1.66318    -0.665270
    -0.461999      1.64264    -0.657057
    -0.449679      1.62211    -0.648844
    -0.437359      1.60158    -0.640630
    -0.425039      1.58104    -0.632417
    -0.412719      1.56051    -0.624204
    -0.400399      1.53998    -0.615990
    -0.388079      1.51944    -0.607777
    -0.375759      1.49891    -0.599563
    -0.363439      1.47838    -0.591350
    -0.351119      1.45784    -0.583136
    -0.338799      1.43731    -0.574923
    -0.326479      1.41677    -0.566709
    -0.314159      1.39624    -0.558495
    -0.301839      1.37571    -0.550281
    -0.289519      1.35517    -0.542065
    -0.277199      1.33463    -0.533848
    -0.264879      1.31409    -0.525627
    -0.252559      1.29355    -0.517401
    -0.240239      1.27299    -0.509162
    -0.227920      1.25241    -0.500903
    -0.215600      1.23179    -0.492605
    -0.203279      1.21111    -0.484234
    -0.190960      1.19029    -0.475730
    -0.178640      1.16923    -0.466978
    -0.166320      1.14772    -0.457768
    -0.154000      1.12538    -0.447713
    -0.141680      1.10152    -0.436101
    -0.129360      1.07486    -0.421633
    -0.117040      1.04312    -0.401966
    -0.104720      1.00223    -0.372969
   -0.0923998     0.945369    -0.327647
   -0.0800798     0.861766    -0.255012
   -0.0677600     0.736702    -0.140013
   -0.0554399     0.554761    0.0331412
   -0.0431199     0.308252     0.272438
   -0.0307999   0.00733745     0.567788
   -0.0184801    -0.317308     0.888322
  -0.00616002    -0.624531      1.19253
   0.00616002    -0.879665      1.44539
    0.0184798     -1.06739      1.63130
    0.0307999     -1.19232      1.75467
    0.0431199     -1.26965      1.83058
    0.0554397     -1.31549      1.87509
    0.0677598     -1.34221      1.90053
    0.0800798     -1.35790      1.91496
    0.0923998     -1.36742      1.92323
     0.104720     -1.37353      1.92810
     0.117040     -1.37778      1.93111
     0.129360     -1.38103      1.93312
     0.141680     -1.38372      1.93459
     0.154000     -1.38613      1.93576
     0.166320     -1.38837      1.93677
     0.178639     -1.39052      1.93769
     0.190959     -1.39263      1.93856
     0.203279     -1.39471      1.93942
     0.215600     -1.39678      1.94025
     0.227919     -1.39884      1.94108
     0.240239     -1.40090      1.94191
     0.252559     -1.40296      1.94273
     0.264879     -1.40501      1.94356
     0.277199     -1.40707      1.94438
     0.289519     -1.40912      1.94520
     0.301839     -1.41118      1.94602
     0.314159     -1.41323      1.94684
     0.326479     -1.41528      1.94766
     0.338799     -1.41734      1.94849
     0.351119     -1.41939      1.94931
     0.363439     -1.42144      1.95013
     0.375759     -1.42350      1.95095
     0.388079     -1.42555      1.95177
     0.400399     -1.42760      1.95259
     0.412719     -1.42966      1.95341
     0.425039     -1.43171      1.95424
     0.437359     -1.43376      1.95506
     0.449679     -1.43582      1.95588
     0.461999     -1.43787      1.95670
     0.474319     -1.43992      1.95752
     0.486639     -1.44198      1.95834
     0.498959     -1.44403      1.95916
     0.511279     -1.44608      1.95999
     0.523599     -1.44814      1.96081
