     -2.82743      5.23599     -2.09439
     -2.81099      5.22228     -2.08891
     -2.79454      5.20857     -2.08343
     -2.77809      5.19487     -2.07795
     -2.76164      5.18116     -2.07246
     -2.74519      5.16745     -2.06698
     -2.72874      5.15375     -2.06150
     -2.71230      5.14004     -2.05602
     -2.69585      5.12633     -2.05053
     -2.67940      5.11263     -2.04505
     -2.66295      5.09892     -2.03957
     -2.64650      5.08521     -2.03409
     -2.63006      5.07151     -2.02860
     -2.61361      5.05780     -2.02312
     -2.59716      5.04409     -2.01764
     -2.58071      5.03039     -2.01215
     -2.56426      5.01668     -2.00667
     -2.54782      5.00297     -2.00119
     -2.53137      4.98927     -1.99571
     -2.51492      4.97556     -1.99022
     -2.49847      4.96185     -1.98474
     -2.48202      4.94815     -1.97926
     -2.46557      4.93444     -1.97378
     -2.44913      4.92073     -1.96829
     -2.43268      4.90703     -1.96281
     -2.41623      4.89332     -1.95733
     -2.39978      4.87961     -1.95185
     -2.38333      4.86591     -1.94636
     -2.36689      4.85220     -1.94088
     -2.35044      4.83849     -1.93540
     -2.33399      4.82479     -1.92991
     -2.31754      4.81108     -1.92443
     -2.30109      4.79737     -1.91895
     -2.28465      4.78367     -1.91347
     -2.26820      4.76996     -1.90798
     -2.25175      4.75625     -1.90250
     -2.23530      4.74255     -1.89702
     -2.21885      4.72884     -1.89154
     -2.20240      4.71513     -1.88605
     -2.18596      4.70143     -1.88057
     -2.16951      4.68772     -1.87509
     -2.15306      4.67401     -1.86961
     -2.13661      4.66031     -1.86412
     -2.12016      4.64660     -1.85864
     -2.10372      4.63289     -1.85316
     -2.08727      4.61919     -1.84767
     -2.07082      4.60548     -1.84219
     -2.05437      4.59177     -1.83671
     -2.03792      4.57807     -1.83123
     -2.02148      4.56436     -1.82574
     -2.00503      4.55065     -1.82026
     -1.98858      4.53695     -1.81478
     -1.97213      4.52324     -1.80930
     -1.95568      4.50953     -1.80381
     -1.93923      4.49583     -1.79833
     -1.92279      4.48212     -1.79285
     -1.90634      4.46841     -1.78737
     -1.88989      4.45471     -1.78188
     -1.87344      4.44100     -1.77640
     -1.85699      4.42729     -1.77092
     -1.84055      4.41359     -1.76543
     -1.82410      4.39988     -1.75995
     -1.80765      4.38617     -1.75447
     -1.79120      4.37247     -1.74899
     -1.77475      4.35876     -1.74350
     -1.75831      4.34505     -1.73802
     -1.74186      4.33135     -1.73254
     -1.72541      4.31764     -1.72706
     -1.70896      4.30393     -1.72157
     -1.69251      4.29023     -1.71609
     -1.67606      4.27652     -1.71061
     -1.65962      4.26281     -1.70513
     -1.64317      4.24911     -1.69964
     -1.62672      4.23540     -1.69416
     -1.61027      4.22169     -1.68868
     -1.59382      4.20799     -1.68319
     -1.57738      4.19428     -1.67771
     -1.56093      4.18057     -1.67223
     -1.54448      4.16687     -1.66675
     -1.52803      4.15316     -1.66126
     -1.51158      4.13945     -1.65578
     -1.49513      4.12575     -1.65030
     -1.47869      4.11204     -1.64482
     -1.46224      4.09833     -1.63933
     -1.44579      4.08463     -1.63385
     -1.42934      4.07092     -1.62837
     -1.41289      4.05721     -1.62289
     -1.39645      4.04351     -1.61740
     -1.38000      4.02980     -1.61192
     -1.36355      4.01609     -1.60644
     -1.34710      4.00239     -1.60095
     -1.33065      3.98868     -1.59547
     -1.31421      3.97497     -1.58999
     -1.29776      3.96127     -1.58451
     -1.28131      3.94756     -1.57902
     -1.26486      3.93385     -1.57354
     -1.24841      3.92015     -1.56806
     -1.23196      3.90644     -1.56258
     -1.21552      3.89273     -1.55709
     -1.19907      3.87903     -1.55161
     -1.18262      3.86532     -1.54613
     -1.16617      3.85161     -1.54065
     -1.14972      3.83791     -1.53516
     -1.13328      3.82420     -1.52968
     -1.11683      3.81049     -1.52420
     -1.10038      3.79679     -1.51871
     -1.08393      3.78308     -1.51323
     -1.06748      3.76937     -1.50775
     -1.05104      3.75567     -1.50227
     -1.03459      3.74196     -1.49678
     -1.01814      3.72825     -1.49130
     -1.00169      3.71455     -1.48582
    -0.985243      3.70084     -1.48034
    -0.968795      3.68713     -1.47485
    -0.952347      3.67343     -1.46937
    -0.935899      3.65972     -1.46389
    -0.919450      3.64601     -1.45840
    -0.903002      3.63231     -1.45292
    -0.886554      3.61860     -1.44744
    -0.870106      3.60489     -1.44196
    -0.853658      3.59119     -1.43647
    -0.837210      3.57748     -1.43099
    -0.820762      3.56377     -1.42551
    -0.804313      3.55007     -1.42003
    -0.787865      3.53636     -1.41454
    -0.771417      3.52265     -1.40906
    -0.754969      3.50895     -1.40358
    -0.738521      3.49524     -1.39810
    -0.722073      3.48153     -1.39261
    -0.705625      3.46783     -1.38713
    -0.689177      3.45412     -1.38165
    -0.672729      3.44041     -1.37616
    -0.656280      3.42671     -1.37068
    -0.639832      3.41300     -1.36520
    -0.623384      3.39929     -1.35972
    -0.606936      3.38559     -1.35423
    -0.590488      3.37188     -1.34875
    -0.574040      3.35817     -1.34327
    -0.557592      3.34447     -1.33779
    -0.541143      3.33076     -1.33230
    -0.524695      3.31705     -1.32682
    -0.508247      3.30335     -1.32134
    -0.491799      3.28964     -1.31586
    -0.475351      3.27593     -1.31037
    -0.458903      3.26223     -1.30489
    -0.442455      3.24852     -1.29941
    -0.426007      3.23481     -1.29392
    -0.409558      3.22110     -1.28844
    -0.393110      3.20740     -1.28296
    -0.376662      3.19369     -1.27747
    -0.360214      3.17998     -1.27199
    -0.343766      3.16627     -1.26650
    -0.327318      3.15255     -1.26101
    -0.310869      3.13883     -1.25551
    -0.294421      3.12509     -1.24999
    -0.277973      3.11132     -1.24445
    -0.261525      3.09749     -1.23884
    -0.245077      3.08355     -1.23312
    -0.228629      3.06939     -1.22718
    -0.212181      3.05481     -1.22081
    -0.195733      3.03942     -1.21362
    -0.179285      3.02248     -1.20486
    -0.162836      3.00255     -1.19307
    -0.146388      2.97697     -1.17556
    -0.129940      2.94083     -1.14735
    -0.113492      2.88552     -1.09971
   -0.0970440      2.79726     -1.01869
   -0.0805957      2.65736    -0.885328
   -0.0641477      2.44803    -0.681560
   -0.0476995      2.16534    -0.403274
   -0.0312512      1.83131   -0.0725116
   -0.0148034      1.49107     0.265379
   0.00164485      1.19328     0.561468
    0.0180931     0.967828     0.785607
    0.0345411     0.817269     0.935082
    0.0509894     0.725766      1.02562
    0.0674374     0.673394      1.07710
    0.0838854     0.644290      1.10535
     0.100334     0.628176      1.12062
     0.116782     0.619065      1.12890
     0.133230     0.613656      1.13348
     0.149678     0.610185      1.13612
     0.166126     0.607725      1.13776
     0.182574     0.605790      1.13887
     0.199023     0.604127      1.13971
     0.215471     0.602604      1.14041
     0.231919     0.601155      1.14104
     0.248367     0.599744      1.14163
     0.264815     0.598352      1.14220
     0.281263     0.596970      1.14276
     0.297711     0.595594      1.14331
     0.314159     0.594220      1.14386
