#---it--------t---------dt-------rhom------ssm-------ppm-------ssmax-------TT2m-------rhomin-----urms----ux2m-----uz2m------uzpt------Rmesh---
       0     0.0000 2.138E-03 3.565E+01 -6.81E-01 2.162E+01  1.975E+00  3.90443E+01  2.270E-01  0.0000 0.00E+00 0.00E+00  0.00E+00  9.723E+01
     500     1.0678 2.135E-03 3.565E+01 -6.80E-01 2.162E+01  1.974E+00  3.93778E+01  2.279E-01  0.0008 1.08E-07 4.69E-07  2.46E-04  9.735E+01
    1000     2.1352 2.134E-03 3.565E+01 -6.78E-01 2.162E+01  1.973E+00  3.96053E+01  2.283E-01  0.0008 2.40E-07 4.11E-07  9.42E-05  9.740E+01
    1500     3.2018 2.133E-03 3.565E+01 -6.77E-01 2.163E+01  1.973E+00  3.97733E+01  2.285E-01  0.0010 4.99E-07 5.66E-07  2.91E-04  9.747E+01
    2000     4.2681 2.133E-03 3.565E+01 -6.77E-01 2.163E+01  1.972E+00  3.98971E+01  2.289E-01  0.0013 8.45E-07 7.36E-07  8.09E-05  9.746E+01
    2500     5.3342 2.131E-03 3.565E+01 -6.77E-01 2.163E+01  1.971E+00  3.99896E+01  2.294E-01  0.0014 9.02E-07 1.05E-06 -3.77E-04  9.754E+01
    3000     6.4002 2.131E-03 3.565E+01 -6.76E-01 2.163E+01  1.970E+00  4.00460E+01  2.298E-01  0.0016 1.52E-06 1.17E-06 -9.41E-05  9.754E+01
    3500     7.4664 2.133E-03 3.565E+01 -6.75E-01 2.163E+01  1.970E+00  4.00968E+01  2.297E-01  0.0016 1.53E-06 1.01E-06 -3.12E-04  9.745E+01
    4000     8.5327 2.132E-03 3.565E+01 -6.75E-01 2.163E+01  1.969E+00  4.01514E+01  2.301E-01  0.0017 1.51E-06 1.31E-06 -2.64E-04  9.749E+01
    4500     9.5989 2.132E-03 3.565E+01 -6.75E-01 2.163E+01  1.969E+00  4.01870E+01  2.302E-01  0.0017 1.57E-06 1.48E-06 -5.84E-05  9.750E+01
    5000    10.6650 2.132E-03 3.565E+01 -6.75E-01 2.163E+01  1.969E+00  4.02088E+01  2.302E-01  0.0018 1.80E-06 1.32E-06  1.04E-04  9.748E+01
    5500    11.7312 2.132E-03 3.565E+01 -6.75E-01 2.163E+01  1.968E+00  4.02315E+01  2.302E-01  0.0020 2.20E-06 1.91E-06  1.16E-04  9.752E+01
    6000    12.7974 2.132E-03 3.565E+01 -6.74E-01 2.163E+01  1.968E+00  4.02571E+01  2.300E-01  0.0020 2.22E-06 1.73E-06  1.57E-04  9.750E+01
    6500    13.8628 2.132E-03 3.565E+01 -6.75E-01 2.163E+01  1.968E+00  4.02889E+01  2.306E-01  0.0020 2.22E-06 1.83E-06  3.63E-05  9.752E+01
    7000    14.9273 2.126E-03 3.565E+01 -6.75E-01 2.163E+01  1.968E+00  4.03003E+01  2.308E-01  0.0021 2.50E-06 1.87E-06  4.43E-05  9.776E+01
    7500    15.9907 2.127E-03 3.565E+01 -6.74E-01 2.163E+01  1.967E+00  4.03044E+01  2.306E-01  0.0021 2.43E-06 1.97E-06  1.35E-04  9.775E+01
    8000    17.0536 2.123E-03 3.565E+01 -6.74E-01 2.163E+01  1.967E+00  4.03293E+01  2.307E-01  0.0023 2.78E-06 2.30E-06 -7.37E-06  9.790E+01
    8500    18.1154 2.122E-03 3.565E+01 -6.74E-01 2.163E+01  1.967E+00  4.03431E+01  2.306E-01  0.0023 2.84E-06 2.39E-06 -1.31E-04  9.794E+01
    9000    19.1764 2.122E-03 3.565E+01 -6.74E-01 2.163E+01  1.967E+00  4.03640E+01  2.311E-01  0.0023 2.90E-06 2.20E-06  2.87E-06  9.797E+01
    9500    20.2370 2.122E-03 3.565E+01 -6.74E-01 2.163E+01  1.967E+00  4.03632E+01  2.310E-01  0.0023 3.02E-06 2.31E-06  1.74E-04  9.798E+01
   10000    21.2978 2.121E-03 3.565E+01 -6.74E-01 2.163E+01  1.967E+00  4.03677E+01  2.307E-01  0.0024 3.16E-06 2.42E-06  5.69E-05  9.802E+01
   10500    22.3582 2.121E-03 3.565E+01 -6.74E-01 2.163E+01  1.967E+00  4.03943E+01  2.306E-01  0.0023 3.07E-06 2.34E-06  3.02E-05  9.801E+01
   11000    23.4184 2.119E-03 3.565E+01 -6.74E-01 2.163E+01  1.967E+00  4.03992E+01  2.310E-01  0.0024 3.50E-06 2.40E-06 -1.16E-04  9.810E+01
   11500    24.4778 2.119E-03 3.565E+01 -6.74E-01 2.163E+01  1.967E+00  4.04120E+01  2.314E-01  0.0025 3.51E-06 2.78E-06 -3.21E-04  9.808E+01
   12000    25.5372 2.119E-03 3.565E+01 -6.74E-01 2.163E+01  1.967E+00  4.04076E+01  2.311E-01  0.0026 3.96E-06 2.69E-06 -5.02E-04  9.812E+01
   12500    26.5967 2.119E-03 3.565E+01 -6.73E-01 2.163E+01  1.967E+00  4.04212E+01  2.310E-01  0.0026 3.79E-06 2.85E-06 -8.77E-05  9.811E+01
   13000    27.6558 2.119E-03 3.565E+01 -6.73E-01 2.163E+01  1.967E+00  4.04406E+01  2.310E-01  0.0026 3.85E-06 2.99E-06  4.33E-05  9.810E+01
   13500    28.7147 2.118E-03 3.565E+01 -6.74E-01 2.163E+01  1.966E+00  4.04382E+01  2.313E-01  0.0026 3.84E-06 2.89E-06  3.72E-04  9.813E+01
   14000    29.7737 2.116E-03 3.565E+01 -6.74E-01 2.163E+01  1.966E+00  4.04452E+01  2.311E-01  0.0027 4.09E-06 3.32E-06  4.20E-04  9.822E+01
   14500    30.8323 2.118E-03 3.565E+01 -6.73E-01 2.164E+01  1.966E+00  4.04439E+01  2.313E-01  0.0028 4.78E-06 3.03E-06  3.20E-04  9.816E+01
   15000    31.8911 2.117E-03 3.565E+01 -6.73E-01 2.163E+01  1.966E+00  4.04622E+01  2.312E-01  0.0029 5.32E-06 3.08E-06  3.70E-04  9.819E+01
   15500    32.9498 2.117E-03 3.565E+01 -6.73E-01 2.163E+01  1.966E+00  4.04723E+01  2.310E-01  0.0029 5.28E-06 3.37E-06  4.26E-05  9.819E+01
   16000    34.0080 2.116E-03 3.565E+01 -6.73E-01 2.163E+01  1.966E+00  4.04667E+01  2.314E-01  0.0027 4.03E-06 3.24E-06 -1.26E-05  9.825E+01
   16500    35.0667 2.118E-03 3.565E+01 -6.73E-01 2.164E+01  1.966E+00  4.04731E+01  2.311E-01  0.0028 4.36E-06 3.22E-06 -4.17E-04  9.814E+01
   17000    36.1253 2.115E-03 3.565E+01 -6.73E-01 2.164E+01  1.966E+00  4.04810E+01  2.311E-01  0.0029 4.76E-06 3.59E-06 -2.11E-04  9.828E+01
   17500    37.1836 2.117E-03 3.565E+01 -6.73E-01 2.163E+01  1.966E+00  4.04937E+01  2.312E-01  0.0029 4.91E-06 3.35E-06 -9.38E-05  9.819E+01
   18000    38.2413 2.114E-03 3.565E+01 -6.73E-01 2.163E+01  1.966E+00  4.04975E+01  2.312E-01  0.0030 5.65E-06 3.37E-06 -9.22E-05  9.833E+01
   18500    39.2993 2.115E-03 3.565E+01 -6.73E-01 2.163E+01  1.966E+00  4.04960E+01  2.316E-01  0.0029 4.94E-06 3.68E-06  1.85E-04  9.829E+01
   19000    40.3579 2.116E-03 3.565E+01 -6.72E-01 2.164E+01  1.966E+00  4.05002E+01  2.311E-01  0.0030 5.28E-06 3.82E-06  1.44E-04  9.822E+01
   19500    41.4157 2.115E-03 3.565E+01 -6.73E-01 2.164E+01  1.966E+00  4.05169E+01  2.314E-01  0.0030 5.09E-06 3.76E-06 -4.37E-05  9.830E+01
   20000    42.4735 2.116E-03 3.565E+01 -6.73E-01 2.163E+01  1.966E+00  4.05151E+01  2.314E-01  0.0031 5.52E-06 3.83E-06  1.23E-04  9.823E+01
   20500    43.5314 2.116E-03 3.565E+01 -6.73E-01 2.163E+01  1.966E+00  4.05184E+01  2.317E-01  0.0030 5.74E-06 3.54E-06  2.62E-04  9.824E+01
   21000    44.5887 2.115E-03 3.565E+01 -6.73E-01 2.164E+01  1.966E+00  4.05199E+01  2.314E-01  0.0030 5.69E-06 3.55E-06  2.12E-04  9.828E+01
   21500    45.6457 2.114E-03 3.565E+01 -6.72E-01 2.164E+01  1.966E+00  4.05252E+01  2.314E-01  0.0030 5.43E-06 3.83E-06  2.00E-04  9.835E+01
   22000    46.7031 2.115E-03 3.565E+01 -6.73E-01 2.164E+01  1.966E+00  4.05429E+01  2.316E-01  0.0033 6.45E-06 4.14E-06 -2.97E-04  9.829E+01
   22500    47.7609 2.117E-03 3.565E+01 -6.73E-01 2.163E+01  1.965E+00  4.05364E+01  2.313E-01  0.0033 6.72E-06 3.96E-06 -4.71E-04  9.819E+01
   23000    48.8182 2.117E-03 3.565E+01 -6.72E-01 2.164E+01  1.965E+00  4.05371E+01  2.315E-01  0.0032 6.37E-06 3.82E-06 -3.87E-04  9.818E+01
   23500    49.8761 2.112E-03 3.565E+01 -6.72E-01 2.164E+01  1.965E+00  4.05407E+01  2.314E-01  0.0032 6.13E-06 4.01E-06 -3.13E-04  9.842E+01
   24000    50.9335 2.119E-03 3.565E+01 -6.72E-01 2.164E+01  1.965E+00  4.05497E+01  2.317E-01  0.0031 5.58E-06 3.98E-06 -7.21E-05  9.810E+01
   24500    51.9911 2.113E-03 3.565E+01 -6.73E-01 2.163E+01  1.965E+00  4.05600E+01  2.319E-01  0.0033 6.72E-06 4.23E-06  2.71E-04  9.836E+01
   25000    53.0477 2.116E-03 3.565E+01 -6.72E-01 2.164E+01  1.965E+00  4.05502E+01  2.316E-01  0.0032 6.04E-06 4.10E-06  3.89E-04  9.822E+01
   25500    54.1048 2.114E-03 3.565E+01 -6.72E-01 2.164E+01  1.965E+00  4.05559E+01  2.319E-01  0.0032 6.09E-06 4.06E-06  2.34E-04  9.833E+01
   26000    55.1613 2.112E-03 3.565E+01 -6.72E-01 2.164E+01  1.965E+00  4.05666E+01  2.317E-01  0.0033 6.67E-06 4.36E-06  6.73E-05  9.841E+01
   26500    56.2184 2.114E-03 3.565E+01 -6.72E-01 2.164E+01  1.965E+00  4.05727E+01  2.319E-01  0.0033 6.37E-06 4.50E-06  8.91E-07  9.831E+01
   27000    57.2753 2.107E-03 3.565E+01 -6.72E-01 2.164E+01  1.965E+00  4.05741E+01  2.319E-01  0.0034 6.99E-06 4.50E-06 -3.60E-04  9.866E+01
   27500    58.3293 2.111E-03 3.565E+01 -6.72E-01 2.164E+01  1.965E+00  4.05645E+01  2.316E-01  0.0035 7.45E-06 4.82E-06 -5.21E-04  9.846E+01
   28000    59.3853 2.113E-03 3.565E+01 -6.72E-01 2.164E+01  1.965E+00  4.05800E+01  2.319E-01  0.0033 6.60E-06 4.54E-06 -2.22E-04  9.840E+01
   28500    60.4413 2.110E-03 3.565E+01 -6.72E-01 2.164E+01  1.965E+00  4.05900E+01  2.318E-01  0.0033 6.03E-06 4.60E-06 -3.93E-04  9.852E+01
   29000    61.4977 2.114E-03 3.565E+01 -6.72E-01 2.164E+01  1.965E+00  4.05890E+01  2.321E-01  0.0034 6.72E-06 4.56E-06 -3.10E-04  9.833E+01
   29500    62.5544 2.110E-03 3.565E+01 -6.72E-01 2.164E+01  1.965E+00  4.05858E+01  2.319E-01  0.0036 8.28E-06 4.75E-06 -1.58E-04  9.851E+01
   30000    63.6094 2.112E-03 3.565E+01 -6.72E-01 2.164E+01  1.965E+00  4.05885E+01  2.320E-01  0.0036 7.73E-06 5.12E-06 -5.06E-05  9.842E+01
   30500    64.6647 2.109E-03 3.565E+01 -6.72E-01 2.164E+01  1.965E+00  4.06013E+01  2.319E-01  0.0036 7.99E-06 5.05E-06  1.80E-04  9.855E+01
   31000    65.7191 2.110E-03 3.565E+01 -6.72E-01 2.164E+01  1.965E+00  4.06057E+01  2.322E-01  0.0034 7.02E-06 4.86E-06 -2.43E-04  9.852E+01
   31500    66.7750 2.112E-03 3.565E+01 -6.72E-01 2.164E+01  1.965E+00  4.06011E+01  2.321E-01  0.0036 7.44E-06 5.42E-06  3.93E-05  9.842E+01
   32000    67.8300 2.104E-03 3.565E+01 -6.72E-01 2.164E+01  1.965E+00  4.05999E+01  2.320E-01  0.0034 6.67E-06 5.02E-06  1.38E-04  9.878E+01
   32500    68.8838 2.108E-03 3.565E+01 -6.72E-01 2.164E+01  1.965E+00  4.06143E+01  2.320E-01  0.0036 8.31E-06 4.97E-06  1.83E-04  9.863E+01
   33000    69.9380 2.109E-03 3.565E+01 -6.72E-01 2.164E+01  1.965E+00  4.06142E+01  2.318E-01  0.0036 7.64E-06 5.53E-06  1.25E-04  9.857E+01
   33500    70.9920 2.110E-03 3.565E+01 -6.72E-01 2.164E+01  1.965E+00  4.06183E+01  2.320E-01  0.0036 7.44E-06 5.42E-06  1.82E-04  9.851E+01
   34000    72.0467 2.109E-03 3.565E+01 -6.72E-01 2.164E+01  1.964E+00  4.06095E+01  2.321E-01  0.0036 7.26E-06 5.79E-06  2.83E-04  9.858E+01
   34500    73.1000 2.108E-03 3.565E+01 -6.72E-01 2.164E+01  1.965E+00  4.06182E+01  2.321E-01  0.0035 7.09E-06 5.08E-06  3.36E-04  9.860E+01
   35000    74.1535 2.109E-03 3.565E+01 -6.72E-01 2.164E+01  1.965E+00  4.06296E+01  2.321E-01  0.0036 7.52E-06 5.24E-06  2.32E-04  9.856E+01
   35500    75.2072 2.106E-03 3.565E+01 -6.72E-01 2.164E+01  1.964E+00  4.06266E+01  2.320E-01  0.0036 7.57E-06 5.04E-06  2.33E-04  9.870E+01
   36000    76.2613 2.109E-03 3.565E+01 -6.72E-01 2.164E+01  1.964E+00  4.06305E+01  2.323E-01  0.0037 8.20E-06 5.37E-06  3.01E-05  9.856E+01
   36500    77.3154 2.110E-03 3.565E+01 -6.71E-01 2.164E+01  1.964E+00  4.06275E+01  2.322E-01  0.0037 7.91E-06 5.82E-06 -4.16E-05  9.853E+01
   37000    78.3699 2.109E-03 3.565E+01 -6.71E-01 2.164E+01  1.964E+00  4.06387E+01  2.323E-01  0.0037 7.97E-06 5.50E-06 -9.13E-05  9.859E+01
   37500    79.4243 2.107E-03 3.565E+01 -6.72E-01 2.164E+01  1.964E+00  4.06446E+01  2.323E-01  0.0037 8.13E-06 5.53E-06 -3.03E-04  9.866E+01
   38000    80.4782 2.108E-03 3.565E+01 -6.72E-01 2.164E+01  1.964E+00  4.06392E+01  2.323E-01  0.0036 7.21E-06 6.09E-06 -1.50E-04  9.862E+01
   38500    81.5326 2.108E-03 3.565E+01 -6.71E-01 2.164E+01  1.964E+00  4.06445E+01  2.323E-01  0.0037 7.93E-06 5.47E-06 -1.34E-04  9.863E+01
   39000    82.5868 2.108E-03 3.565E+01 -6.71E-01 2.164E+01  1.964E+00  4.06450E+01  2.320E-01  0.0039 8.67E-06 6.40E-06 -3.95E-04  9.860E+01
   39500    83.6410 2.107E-03 3.565E+01 -6.72E-01 2.164E+01  1.964E+00  4.06572E+01  2.325E-01  0.0039 8.92E-06 6.01E-06 -8.41E-05  9.868E+01
   40000    84.6952 2.103E-03 3.565E+01 -6.72E-01 2.164E+01  1.964E+00  4.06538E+01  2.326E-01  0.0038 8.63E-06 5.91E-06 -1.31E-04  9.884E+01
   40500    85.7482 2.105E-03 3.565E+01 -6.71E-01 2.164E+01  1.964E+00  4.06488E+01  2.323E-01  0.0037 8.21E-06 5.59E-06 -2.00E-04  9.876E+01
   41000    86.8011 2.107E-03 3.565E+01 -6.71E-01 2.164E+01  1.964E+00  4.06557E+01  2.321E-01  0.0037 8.43E-06 5.30E-06 -2.35E-04  9.866E+01
   41500    87.8549 2.108E-03 3.565E+01 -6.71E-01 2.164E+01  1.964E+00  4.06622E+01  2.325E-01  0.0038 8.88E-06 5.66E-06 -1.50E-04  9.862E+01
   42000    88.9086 2.108E-03 3.565E+01 -6.71E-01 2.164E+01  1.964E+00  4.06648E+01  2.320E-01  0.0039 9.19E-06 6.29E-06  2.22E-04  9.861E+01
   42500    89.9630 2.108E-03 3.565E+01 -6.71E-01 2.164E+01  1.964E+00  4.06632E+01  2.325E-01  0.0038 8.22E-06 5.90E-06  2.38E-04  9.861E+01
   43000    91.0163 2.107E-03 3.565E+01 -6.71E-01 2.164E+01  1.964E+00  4.06653E+01  2.326E-01  0.0037 8.12E-06 5.94E-06  2.72E-05  9.868E+01
   43500    92.0699 2.108E-03 3.565E+01 -6.71E-01 2.164E+01  1.964E+00  4.06673E+01  2.321E-01  0.0036 7.24E-06 5.58E-06  2.90E-05  9.862E+01
   44000    93.1233 2.103E-03 3.565E+01 -6.71E-01 2.164E+01  1.964E+00  4.06809E+01  2.327E-01  0.0037 8.43E-06 5.46E-06  1.42E-04  9.885E+01
   44500    94.1773 2.108E-03 3.565E+01 -6.71E-01 2.164E+01  1.964E+00  4.06736E+01  2.324E-01  0.0040 9.53E-06 6.27E-06  2.49E-04  9.859E+01
   45000    95.2329 2.111E-03 3.565E+01 -6.71E-01 2.164E+01  1.964E+00  4.06755E+01  2.326E-01  0.0039 8.98E-06 6.35E-06 -4.42E-05  9.847E+01
   45500    96.2870 2.106E-03 3.565E+01 -6.71E-01 2.164E+01  1.964E+00  4.06797E+01  2.327E-01  0.0039 9.24E-06 6.09E-06  5.87E-05  9.869E+01
   46000    97.3411 2.111E-03 3.565E+01 -6.71E-01 2.164E+01  1.964E+00  4.06836E+01  2.322E-01  0.0039 9.38E-06 5.82E-06  1.64E-04  9.848E+01
   46500    98.3953 2.107E-03 3.565E+01 -6.71E-01 2.164E+01  1.964E+00  4.06900E+01  2.325E-01  0.0038 8.44E-06 5.90E-06 -1.04E-04  9.867E+01
   47000    99.4494 2.108E-03 3.565E+01 -6.71E-01 2.164E+01  1.964E+00  4.06813E+01  2.327E-01  0.0038 8.66E-06 5.71E-06 -8.50E-05  9.862E+01
   47500   100.5032 2.113E-03 3.565E+01 -6.71E-01 2.164E+01  1.964E+00  4.06874E+01  2.322E-01  0.0037 8.05E-06 5.85E-06 -1.79E-04  9.840E+01
   48000   101.5569 2.104E-03 3.565E+01 -6.71E-01 2.164E+01  1.964E+00  4.06898E+01  2.325E-01  0.0038 8.42E-06 5.73E-06  1.46E-05  9.881E+01
   48500   102.6111 2.106E-03 3.565E+01 -6.71E-01 2.164E+01  1.964E+00  4.06924E+01  2.325E-01  0.0039 9.14E-06 6.14E-06  7.85E-05  9.871E+01
   49000   103.6655 2.111E-03 3.565E+01 -6.71E-01 2.164E+01  1.964E+00  4.06969E+01  2.328E-01  0.0039 8.65E-06 6.19E-06  2.07E-04  9.846E+01
   49500   104.7207 2.111E-03 3.565E+01 -6.71E-01 2.164E+01  1.964E+00  4.06865E+01  2.325E-01  0.0040 9.48E-06 6.63E-06  7.54E-05  9.849E+01
   50000   105.7749 2.107E-03 3.565E+01 -6.71E-01 2.164E+01  1.964E+00  4.06993E+01  2.325E-01  0.0041 9.99E-06 6.53E-06  1.02E-04  9.866E+01
   50500   106.8286 2.108E-03 3.565E+01 -6.71E-01 2.164E+01  1.964E+00  4.06986E+01  2.322E-01  0.0039 9.48E-06 6.01E-06 -2.21E-05  9.863E+01
   51000   107.8820 2.108E-03 3.565E+01 -6.71E-01 2.164E+01  1.963E+00  4.07025E+01  2.329E-01  0.0039 9.20E-06 5.98E-06  6.10E-05  9.863E+01
   51500   108.9358 2.109E-03 3.565E+01 -6.71E-01 2.164E+01  1.963E+00  4.07034E+01  2.327E-01  0.0039 8.59E-06 6.61E-06  1.46E-05  9.856E+01
   52000   109.9897 2.103E-03 3.565E+01 -6.71E-01 2.164E+01  1.963E+00  4.06966E+01  2.326E-01  0.0040 9.06E-06 6.95E-06 -7.16E-05  9.885E+01
   52500   111.0441 2.111E-03 3.565E+01 -6.71E-01 2.164E+01  1.963E+00  4.07095E+01  2.324E-01  0.0040 9.36E-06 6.60E-06 -1.90E-04  9.850E+01
   53000   112.0990 2.110E-03 3.565E+01 -6.71E-01 2.164E+01  1.963E+00  4.07150E+01  2.330E-01  0.0039 9.52E-06 5.76E-06 -2.99E-04  9.852E+01
   53500   113.1533 2.105E-03 3.565E+01 -6.71E-01 2.164E+01  1.963E+00  4.07107E+01  2.328E-01  0.0042 1.15E-05 6.43E-06 -7.74E-05  9.874E+01
   54000   114.2068 2.106E-03 3.565E+01 -6.71E-01 2.164E+01  1.963E+00  4.07084E+01  2.326E-01  0.0040 9.18E-06 6.43E-06 -2.25E-04  9.870E+01
   54500   115.2602 2.106E-03 3.565E+01 -6.71E-01 2.164E+01  1.963E+00  4.07164E+01  2.329E-01  0.0039 9.18E-06 5.89E-06  1.18E-04  9.868E+01
   55000   116.3144 2.110E-03 3.565E+01 -6.71E-01 2.164E+01  1.963E+00  4.07213E+01  2.325E-01  0.0041 1.07E-05 6.09E-06 -5.01E-05  9.851E+01
   55500   117.3685 2.108E-03 3.565E+01 -6.71E-01 2.164E+01  1.963E+00  4.07267E+01  2.331E-01  0.0041 1.09E-05 6.04E-06  1.13E-04  9.862E+01
   56000   118.4218 2.103E-03 3.565E+01 -6.71E-01 2.164E+01  1.963E+00  4.07161E+01  2.328E-01  0.0040 8.93E-06 6.87E-06  1.01E-05  9.886E+01
   56500   119.4752 2.106E-03 3.565E+01 -6.71E-01 2.164E+01  1.963E+00  4.07217E+01  2.326E-01  0.0039 9.23E-06 6.33E-06 -3.90E-05  9.869E+01
   57000   120.5290 2.112E-03 3.565E+01 -6.71E-01 2.164E+01  1.963E+00  4.07300E+01  2.330E-01  0.0039 9.03E-06 6.28E-06  1.71E-04  9.843E+01
   57500   121.5832 2.106E-03 3.565E+01 -6.71E-01 2.164E+01  1.963E+00  4.07267E+01  2.326E-01  0.0040 9.13E-06 6.72E-06  1.19E-04  9.871E+01
   58000   122.6368 2.108E-03 3.565E+01 -6.71E-01 2.164E+01  1.963E+00  4.07273E+01  2.327E-01  0.0041 9.60E-06 7.17E-06 -1.29E-04  9.859E+01
   58500   123.6907 2.110E-03 3.565E+01 -6.70E-01 2.164E+01  1.963E+00  4.07205E+01  2.323E-01  0.0039 9.11E-06 6.32E-06 -8.25E-05  9.853E+01
   59000   124.7442 2.108E-03 3.565E+01 -6.71E-01 2.164E+01  1.963E+00  4.07353E+01  2.329E-01  0.0040 9.06E-06 6.72E-06 -1.15E-04  9.863E+01
   59500   125.7975 2.107E-03 3.565E+01 -6.71E-01 2.164E+01  1.963E+00  4.07374E+01  2.329E-01  0.0042 1.03E-05 7.05E-06  2.73E-04  9.864E+01
   60000   126.8510 2.107E-03 3.565E+01 -6.71E-01 2.164E+01  1.963E+00  4.07295E+01  2.330E-01  0.0038 8.65E-06 6.13E-06  3.90E-04  9.868E+01
   60500   127.9041 2.105E-03 3.565E+01 -6.70E-01 2.164E+01  1.963E+00  4.07342E+01  2.328E-01  0.0039 8.65E-06 6.50E-06  4.54E-04  9.877E+01
   61000   128.9578 2.108E-03 3.565E+01 -6.70E-01 2.164E+01  1.963E+00  4.07308E+01  2.326E-01  0.0042 1.03E-05 7.01E-06  1.90E-04  9.862E+01
   61500   130.0117 2.107E-03 3.565E+01 -6.71E-01 2.164E+01  1.963E+00  4.07468E+01  2.327E-01  0.0042 1.09E-05 7.06E-06  1.26E-04  9.864E+01
   62000   131.0662 2.112E-03 3.565E+01 -6.71E-01 2.164E+01  1.963E+00  4.07432E+01  2.330E-01  0.0040 8.81E-06 7.25E-06 -1.09E-04  9.842E+01
   62500   132.1203 2.108E-03 3.565E+01 -6.70E-01 2.164E+01  1.963E+00  4.07382E+01  2.331E-01  0.0043 1.11E-05 7.35E-06 -4.07E-04  9.862E+01
   63000   133.1738 2.111E-03 3.565E+01 -6.70E-01 2.164E+01  1.963E+00  4.07481E+01  2.332E-01  0.0042 1.05E-05 6.73E-06 -2.54E-04  9.849E+01
   63500   134.2285 2.110E-03 3.565E+01 -6.70E-01 2.164E+01  1.963E+00  4.07501E+01  2.332E-01  0.0043 1.09E-05 7.16E-06 -1.31E-04  9.853E+01
   64000   135.2835 2.108E-03 3.565E+01 -6.70E-01 2.164E+01  1.963E+00  4.07507E+01  2.330E-01  0.0043 1.16E-05 6.81E-06  1.81E-05  9.860E+01
   64500   136.3379 2.109E-03 3.565E+01 -6.70E-01 2.164E+01  1.963E+00  4.07486E+01  2.331E-01  0.0042 1.11E-05 6.95E-06  2.13E-04  9.857E+01
   65000   137.3921 2.105E-03 3.565E+01 -6.70E-01 2.164E+01  1.963E+00  4.07515E+01  2.332E-01  0.0043 1.12E-05 7.64E-06 -2.16E-04  9.873E+01
   65500   138.4465 2.108E-03 3.565E+01 -6.70E-01 2.164E+01  1.963E+00  4.07576E+01  2.328E-01  0.0043 1.10E-05 7.55E-06  1.57E-04  9.860E+01
   66000   139.5000 2.108E-03 3.565E+01 -6.70E-01 2.164E+01  1.963E+00  4.07621E+01  2.330E-01  0.0041 1.05E-05 6.56E-06 -1.39E-04  9.862E+01
   66500   140.5543 2.108E-03 3.565E+01 -6.70E-01 2.164E+01  1.963E+00  4.07584E+01  2.331E-01  0.0042 1.11E-05 6.80E-06 -4.24E-04  9.862E+01
   67000   141.6092 2.111E-03 3.565E+01 -6.70E-01 2.164E+01  1.963E+00  4.07546E+01  2.331E-01  0.0041 9.90E-06 7.06E-06 -2.53E-04  9.847E+01
   67500   142.6640 2.110E-03 3.565E+01 -6.70E-01 2.164E+01  1.963E+00  4.07590E+01  2.331E-01  0.0042 9.85E-06 7.44E-06 -3.63E-04  9.852E+01
   68000   143.7183 2.103E-03 3.565E+01 -6.70E-01 2.164E+01  1.963E+00  4.07609E+01  2.330E-01  0.0044 1.17E-05 7.56E-06 -1.36E-04  9.886E+01
   68500   144.7723 2.107E-03 3.565E+01 -6.70E-01 2.164E+01  1.963E+00  4.07672E+01  2.332E-01  0.0042 1.04E-05 7.31E-06  4.09E-04  9.864E+01
   69000   145.8264 2.107E-03 3.565E+01 -6.70E-01 2.164E+01  1.963E+00  4.07635E+01  2.333E-01  0.0043 1.18E-05 6.31E-06  2.71E-04  9.864E+01
   69500   146.8810 2.109E-03 3.565E+01 -6.70E-01 2.164E+01  1.963E+00  4.07658E+01  2.331E-01  0.0044 1.13E-05 8.00E-06  1.04E-04  9.857E+01
   70000   147.9355 2.109E-03 3.565E+01 -6.70E-01 2.164E+01  1.963E+00  4.07688E+01  2.331E-01  0.0045 1.21E-05 7.76E-06  1.18E-05  9.857E+01
   70500   148.9901 2.108E-03 3.565E+01 -6.70E-01 2.164E+01  1.963E+00  4.07680E+01  2.332E-01  0.0042 1.07E-05 7.09E-06  6.57E-05  9.861E+01
   71000   150.0437 2.104E-03 3.565E+01 -6.70E-01 2.164E+01  1.963E+00  4.07715E+01  2.333E-01  0.0044 1.18E-05 7.20E-06 -1.91E-05  9.881E+01
   71500   151.0971 2.108E-03 3.565E+01 -6.70E-01 2.164E+01  1.962E+00  4.07678E+01  2.332E-01  0.0042 1.08E-05 7.20E-06  1.42E-04  9.862E+01
   72000   152.1518 2.108E-03 3.565E+01 -6.70E-01 2.164E+01  1.963E+00  4.07755E+01  2.330E-01  0.0045 1.24E-05 7.60E-06  6.46E-05  9.860E+01
   72500   153.2057 2.108E-03 3.565E+01 -6.70E-01 2.164E+01  1.963E+00  4.07796E+01  2.333E-01  0.0041 9.84E-06 6.78E-06 -3.19E-04  9.860E+01
   73000   154.2593 2.108E-03 3.565E+01 -6.70E-01 2.164E+01  1.962E+00  4.07818E+01  2.332E-01  0.0042 1.06E-05 7.32E-06 -2.65E-04  9.861E+01
   73500   155.3130 2.109E-03 3.565E+01 -6.70E-01 2.164E+01  1.962E+00  4.07805E+01  2.333E-01  0.0043 1.05E-05 8.39E-06 -3.39E-04  9.856E+01
   74000   156.3668 2.107E-03 3.565E+01 -6.70E-01 2.164E+01  1.962E+00  4.07773E+01  2.335E-01  0.0044 1.14E-05 7.66E-06 -4.62E-05  9.866E+01
   74500   157.4202 2.109E-03 3.565E+01 -6.70E-01 2.164E+01  1.962E+00  4.07856E+01  2.333E-01  0.0044 1.08E-05 8.32E-06  2.26E-04  9.856E+01
   75000   158.4738 2.107E-03 3.565E+01 -6.70E-01 2.164E+01  1.962E+00  4.07891E+01  2.334E-01  0.0043 1.16E-05 7.17E-06  2.22E-04  9.868E+01
   75500   159.5271 2.105E-03 3.565E+01 -6.70E-01 2.164E+01  1.962E+00  4.07917E+01  2.337E-01  0.0044 1.19E-05 7.43E-06  2.73E-04  9.874E+01
   76000   160.5805 2.108E-03 3.565E+01 -6.70E-01 2.164E+01  1.962E+00  4.07866E+01  2.333E-01  0.0042 1.04E-05 6.84E-06  1.21E-04  9.863E+01
   76500   161.6344 2.109E-03 3.565E+01 -6.70E-01 2.164E+01  1.962E+00  4.07894E+01  2.331E-01  0.0043 1.15E-05 7.14E-06 -1.87E-04  9.857E+01
   77000   162.6874 2.104E-03 3.565E+01 -6.70E-01 2.164E+01  1.962E+00  4.07959E+01  2.336E-01  0.0043 1.11E-05 7.59E-06 -7.62E-05  9.881E+01
   77500   163.7407 2.110E-03 3.565E+01 -6.70E-01 2.164E+01  1.962E+00  4.07950E+01  2.335E-01  0.0046 1.34E-05 8.20E-06 -6.03E-04  9.850E+01
   78000   164.7946 2.108E-03 3.565E+01 -6.70E-01 2.164E+01  1.962E+00  4.07914E+01  2.336E-01  0.0044 1.16E-05 8.12E-06 -4.70E-04  9.862E+01
   78500   165.8482 2.110E-03 3.565E+01 -6.70E-01 2.164E+01  1.962E+00  4.07891E+01  2.332E-01  0.0044 1.09E-05 8.11E-06 -2.33E-04  9.854E+01
   79000   166.9021 2.108E-03 3.565E+01 -6.70E-01 2.164E+01  1.962E+00  4.07978E+01  2.333E-01  0.0044 1.15E-05 7.84E-06 -5.06E-05  9.861E+01
   79500   167.9567 2.108E-03 3.565E+01 -6.70E-01 2.164E+01  1.962E+00  4.08005E+01  2.328E-01  0.0045 1.26E-05 8.05E-06  7.19E-05  9.861E+01
   80000   169.0106 2.112E-03 3.565E+01 -6.70E-01 2.164E+01  1.962E+00  4.07981E+01  2.334E-01  0.0046 1.31E-05 7.81E-06  8.86E-05  9.843E+01
   80500   170.0654 2.110E-03 3.565E+01 -6.70E-01 2.164E+01  1.962E+00  4.07894E+01  2.334E-01  0.0043 1.18E-05 7.03E-06  3.37E-04  9.853E+01
   81000   171.1199 2.108E-03 3.565E+01 -6.70E-01 2.164E+01  1.962E+00  4.07943E+01  2.333E-01  0.0045 1.19E-05 8.13E-06  3.63E-05  9.863E+01
   81500   172.1749 2.112E-03 3.565E+01 -6.70E-01 2.164E+01  1.962E+00  4.08049E+01  2.334E-01  0.0047 1.33E-05 8.41E-06  2.23E-05  9.841E+01
   82000   173.2297 2.109E-03 3.565E+01 -6.70E-01 2.164E+01  1.962E+00  4.08054E+01  2.332E-01  0.0044 1.19E-05 7.84E-06  1.40E-04  9.856E+01
   82500   174.2824 2.109E-03 3.565E+01 -6.70E-01 2.164E+01  1.962E+00  4.08007E+01  2.334E-01  0.0043 1.12E-05 7.40E-06  9.34E-05  9.857E+01
   83000   175.3351 2.109E-03 3.565E+01 -6.70E-01 2.164E+01  1.962E+00  4.08058E+01  2.334E-01  0.0046 1.37E-05 7.51E-06 -6.72E-05  9.857E+01
   83500   176.3900 2.107E-03 3.565E+01 -6.70E-01 2.164E+01  1.962E+00  4.08112E+01  2.333E-01  0.0045 1.26E-05 7.76E-06 -3.65E-04  9.868E+01
   84000   177.4447 2.108E-03 3.565E+01 -6.70E-01 2.164E+01  1.962E+00  4.08143E+01  2.338E-01  0.0048 1.35E-05 9.09E-06 -4.71E-04  9.863E+01
   84500   178.4991 2.111E-03 3.565E+01 -6.70E-01 2.164E+01  1.962E+00  4.08097E+01  2.336E-01  0.0047 1.39E-05 8.26E-06 -3.85E-04  9.848E+01
   85000   179.5539 2.110E-03 3.565E+01 -6.70E-01 2.164E+01  1.962E+00  4.08080E+01  2.336E-01  0.0043 1.10E-05 7.64E-06  3.54E-05  9.853E+01
   85500   180.6094 2.111E-03 3.565E+01 -6.70E-01 2.164E+01  1.962E+00  4.08209E+01  2.337E-01  0.0044 1.15E-05 8.26E-06  9.26E-05  9.848E+01
   86000   181.6640 2.106E-03 3.565E+01 -6.70E-01 2.164E+01  1.962E+00  4.08240E+01  2.337E-01  0.0045 1.18E-05 8.10E-06  3.13E-04  9.871E+01
   86500   182.7178 2.109E-03 3.565E+01 -6.70E-01 2.164E+01  1.962E+00  4.08231E+01  2.337E-01  0.0045 1.23E-05 8.22E-06 -1.27E-06  9.855E+01
   87000   183.7715 2.106E-03 3.565E+01 -6.70E-01 2.164E+01  1.962E+00  4.08158E+01  2.338E-01  0.0045 1.20E-05 8.34E-06 -1.25E-04  9.873E+01
   87500   184.8260 2.108E-03 3.565E+01 -6.70E-01 2.164E+01  1.962E+00  4.08191E+01  2.336E-01  0.0043 1.12E-05 7.03E-06 -1.09E-04  9.861E+01
   88000   185.8810 2.111E-03 3.565E+01 -6.69E-01 2.164E+01  1.962E+00  4.08226E+01  2.334E-01  0.0045 1.25E-05 7.83E-06 -1.87E-04  9.849E+01
   88500   186.9363 2.111E-03 3.565E+01 -6.70E-01 2.164E+01  1.962E+00  4.08255E+01  2.338E-01  0.0045 1.23E-05 7.75E-06  2.83E-04  9.849E+01
   89000   187.9916 2.112E-03 3.565E+01 -6.70E-01 2.164E+01  1.962E+00  4.08204E+01  2.332E-01  0.0046 1.18E-05 8.97E-06  5.12E-05  9.844E+01
   89500   189.0461 2.108E-03 3.565E+01 -6.69E-01 2.164E+01  1.962E+00  4.08213E+01  2.336E-01  0.0046 1.31E-05 8.33E-06  7.81E-05  9.861E+01
   90000   190.1015 2.110E-03 3.565E+01 -6.69E-01 2.164E+01  1.962E+00  4.08264E+01  2.336E-01  0.0048 1.43E-05 8.46E-06 -1.61E-04  9.851E+01
   90500   191.1561 2.111E-03 3.565E+01 -6.69E-01 2.164E+01  1.962E+00  4.08277E+01  2.336E-01  0.0045 1.14E-05 8.43E-06  1.74E-04  9.849E+01
   91000   192.2109 2.109E-03 3.565E+01 -6.70E-01 2.164E+01  1.962E+00  4.08229E+01  2.334E-01  0.0045 1.22E-05 8.45E-06 -1.42E-04  9.857E+01
   91500   193.2657 2.106E-03 3.565E+01 -6.69E-01 2.164E+01  1.962E+00  4.08209E+01  2.338E-01  0.0045 1.20E-05 8.25E-06 -2.23E-04  9.869E+01
   92000   194.3194 2.112E-03 3.565E+01 -6.69E-01 2.164E+01  1.962E+00  4.08293E+01  2.336E-01  0.0045 1.28E-05 7.81E-06 -2.84E-04  9.843E+01
   92500   195.3736 2.109E-03 3.565E+01 -6.69E-01 2.164E+01  1.962E+00  4.08336E+01  2.335E-01  0.0046 1.35E-05 8.00E-06 -9.99E-06  9.855E+01
   93000   196.4265 2.103E-03 3.565E+01 -6.70E-01 2.164E+01  1.962E+00  4.08392E+01  2.337E-01  0.0045 1.17E-05 8.53E-06  2.04E-04  9.883E+01
   93500   197.4803 2.109E-03 3.565E+01 -6.69E-01 2.164E+01  1.962E+00  4.08298E+01  2.337E-01  0.0046 1.31E-05 8.40E-06 -5.01E-05  9.855E+01
   94000   198.5347 2.109E-03 3.565E+01 -6.69E-01 2.164E+01  1.962E+00  4.08358E+01  2.337E-01  0.0045 1.26E-05 7.79E-06  3.74E-04  9.859E+01
   94500   199.5878 2.108E-03 3.565E+01 -6.69E-01 2.164E+01  1.962E+00  4.08419E+01  2.337E-01  0.0047 1.36E-05 8.24E-06  1.79E-04  9.859E+01
   95000   200.6402 2.102E-03 3.565E+01 -6.69E-01 2.164E+01  1.962E+00  4.08420E+01  2.338E-01  0.0047 1.38E-05 7.81E-06  3.91E-04  9.889E+01
   95500   201.6936 2.110E-03 3.565E+01 -6.70E-01 2.164E+01  1.962E+00  4.08439E+01  2.339E-01  0.0045 1.29E-05 7.72E-06  5.82E-05  9.852E+01
   96000   202.7485 2.111E-03 3.565E+01 -6.69E-01 2.164E+01  1.962E+00  4.08441E+01  2.340E-01  0.0047 1.39E-05 8.38E-06 -1.80E-04  9.847E+01
   96500   203.8033 2.108E-03 3.565E+01 -6.69E-01 2.164E+01  1.962E+00  4.08478E+01  2.338E-01  0.0047 1.36E-05 8.37E-06 -2.14E-04  9.861E+01
   97000   204.8566 2.111E-03 3.565E+01 -6.69E-01 2.164E+01  1.962E+00  4.08487E+01  2.337E-01  0.0048 1.47E-05 8.57E-06  5.81E-05  9.847E+01
   97500   205.9105 2.107E-03 3.565E+01 -6.69E-01 2.164E+01  1.962E+00  4.08475E+01  2.339E-01  0.0049 1.46E-05 9.66E-06 -5.00E-05  9.868E+01
   98000   206.9640 2.110E-03 3.565E+01 -6.69E-01 2.164E+01  1.962E+00  4.08430E+01  2.337E-01  0.0047 1.35E-05 8.21E-06  1.51E-04  9.853E+01
   98500   208.0174 2.100E-03 3.565E+01 -6.69E-01 2.164E+01  1.962E+00  4.08501E+01  2.338E-01  0.0047 1.35E-05 8.22E-06  1.91E-04  9.898E+01
   99000   209.0710 2.104E-03 3.565E+01 -6.69E-01 2.164E+01  1.962E+00  4.08503E+01  2.335E-01  0.0045 1.19E-05 8.72E-06  8.77E-05  9.880E+01
   99500   210.1255 2.111E-03 3.565E+01 -6.69E-01 2.164E+01  1.961E+00  4.08534E+01  2.338E-01  0.0045 1.26E-05 8.11E-06 -1.91E-06  9.845E+01
  100000   211.1807 2.107E-03 3.565E+01 -6.69E-01 2.164E+01  1.961E+00  4.08519E+01  2.337E-01  0.0047 1.35E-05 8.44E-06  4.97E-05  9.865E+01
  100500   212.2356 2.108E-03 3.565E+01 -6.69E-01 2.164E+01  1.961E+00  4.08521E+01  2.340E-01  0.0047 1.29E-05 9.01E-06  1.07E-04  9.864E+01
  101000   213.2896 2.105E-03 3.565E+01 -6.69E-01 2.164E+01  1.961E+00  4.08514E+01  2.336E-01  0.0048 1.37E-05 9.58E-06  8.21E-05  9.874E+01
  101500   214.3444 2.109E-03 3.565E+01 -6.69E-01 2.164E+01  1.961E+00  4.08537E+01  2.339E-01  0.0047 1.35E-05 8.76E-06  7.67E-05  9.857E+01
  102000   215.3980 2.108E-03 3.565E+01 -6.69E-01 2.164E+01  1.961E+00  4.08582E+01  2.339E-01  0.0046 1.27E-05 8.86E-06 -2.01E-04  9.863E+01
  102500   216.4523 2.107E-03 3.565E+01 -6.69E-01 2.164E+01  1.961E+00  4.08558E+01  2.339E-01  0.0047 1.28E-05 8.85E-06  2.53E-04  9.868E+01
  103000   217.5060 2.101E-03 3.565E+01 -6.69E-01 2.164E+01  1.961E+00  4.08612E+01  2.342E-01  0.0046 1.24E-05 8.66E-06  2.84E-04  9.895E+01
  103500   218.5602 2.111E-03 3.565E+01 -6.69E-01 2.164E+01  1.961E+00  4.08583E+01  2.339E-01  0.0048 1.42E-05 9.07E-06  2.73E-04  9.849E+01
  104000   219.6148 2.109E-03 3.565E+01 -6.69E-01 2.164E+01  1.961E+00  4.08607E+01  2.341E-01  0.0047 1.42E-05 7.87E-06  3.73E-04  9.856E+01
  104500   220.6690 2.111E-03 3.565E+01 -6.69E-01 2.164E+01  1.961E+00  4.08612E+01  2.340E-01  0.0045 1.23E-05 7.91E-06 -1.44E-04  9.847E+01
  105000   221.7235 2.107E-03 3.565E+01 -6.69E-01 2.164E+01  1.961E+00  4.08616E+01  2.339E-01  0.0047 1.34E-05 8.65E-06 -3.70E-04  9.865E+01
  105500   222.7777 2.106E-03 3.565E+01 -6.69E-01 2.164E+01  1.961E+00  4.08641E+01  2.338E-01  0.0047 1.35E-05 8.26E-06 -5.20E-04  9.870E+01
  106000   223.8310 2.101E-03 3.565E+01 -6.69E-01 2.164E+01  1.961E+00  4.08699E+01  2.341E-01  0.0046 1.26E-05 8.58E-06 -5.85E-04  9.894E+01
  106500   224.8848 2.105E-03 3.565E+01 -6.69E-01 2.164E+01  1.961E+00  4.08713E+01  2.342E-01  0.0049 1.47E-05 9.11E-06 -1.13E-04  9.875E+01
  107000   225.9387 2.111E-03 3.565E+01 -6.69E-01 2.164E+01  1.961E+00  4.08684E+01  2.338E-01  0.0048 1.33E-05 1.00E-05 -1.54E-04  9.849E+01
  107500   226.9932 2.111E-03 3.565E+01 -6.69E-01 2.164E+01  1.961E+00  4.08717E+01  2.340E-01  0.0047 1.34E-05 8.36E-06 -8.46E-05  9.845E+01
  108000   228.0481 2.109E-03 3.565E+01 -6.69E-01 2.164E+01  1.961E+00  4.08686E+01  2.338E-01  0.0046 1.25E-05 8.44E-06  9.83E-06  9.857E+01
  108500   229.1026 2.108E-03 3.565E+01 -6.69E-01 2.164E+01  1.961E+00  4.08774E+01  2.339E-01  0.0046 1.24E-05 8.71E-06 -1.70E-04  9.864E+01
  109000   230.1569 2.112E-03 3.565E+01 -6.69E-01 2.164E+01  1.961E+00  4.08757E+01  2.341E-01  0.0047 1.37E-05 8.19E-06 -1.32E-04  9.845E+01
  109500   231.2119 2.109E-03 3.565E+01 -6.69E-01 2.164E+01  1.961E+00  4.08747E+01  2.338E-01  0.0049 1.48E-05 8.71E-06 -3.03E-04  9.858E+01
  110000   232.2666 2.107E-03 3.565E+01 -6.69E-01 2.165E+01  1.961E+00  4.08747E+01  2.341E-01  0.0048 1.42E-05 8.81E-06 -1.40E-04  9.867E+01
  110500   233.3204 2.103E-03 3.565E+01 -6.69E-01 2.164E+01  1.961E+00  4.08771E+01  2.341E-01  0.0048 1.36E-05 9.07E-06 -2.25E-04  9.885E+01
  111000   234.3743 2.106E-03 3.565E+01 -6.69E-01 2.164E+01  1.961E+00  4.08755E+01  2.337E-01  0.0046 1.26E-05 8.74E-06  1.49E-04  9.870E+01
  111500   235.4290 2.113E-03 3.565E+01 -6.69E-01 2.165E+01  1.961E+00  4.08747E+01  2.338E-01  0.0046 1.30E-05 8.47E-06  2.39E-04  9.837E+01
  112000   236.4840 2.111E-03 3.565E+01 -6.69E-01 2.165E+01  1.961E+00  4.08748E+01  2.342E-01  0.0048 1.38E-05 9.39E-06  2.43E-04  9.847E+01
  112500   237.5391 2.109E-03 3.565E+01 -6.69E-01 2.165E+01  1.961E+00  4.08785E+01  2.339E-01  0.0046 1.32E-05 8.17E-06  1.59E-04  9.858E+01
  113000   238.5940 2.108E-03 3.565E+01 -6.69E-01 2.164E+01  1.961E+00  4.08838E+01  2.342E-01  0.0048 1.40E-05 9.25E-06  2.70E-04  9.861E+01
  113500   239.6488 2.103E-03 3.565E+01 -6.69E-01 2.164E+01  1.961E+00  4.08756E+01  2.337E-01  0.0047 1.36E-05 8.79E-06 -9.50E-05  9.883E+01
  114000   240.7029 2.109E-03 3.565E+01 -6.69E-01 2.165E+01  1.961E+00  4.08804E+01  2.337E-01  0.0048 1.43E-05 9.26E-06 -3.44E-04  9.859E+01
  114500   241.7560 2.107E-03 3.565E+01 -6.69E-01 2.165E+01  1.961E+00  4.08809E+01  2.341E-01  0.0046 1.25E-05 8.91E-06 -1.07E-04  9.867E+01
  115000   242.8098 2.109E-03 3.565E+01 -6.69E-01 2.164E+01  1.961E+00  4.08844E+01  2.340E-01  0.0046 1.29E-05 8.32E-06 -1.54E-04  9.856E+01
  115500   243.8630 2.108E-03 3.565E+01 -6.69E-01 2.165E+01  1.961E+00  4.08870E+01  2.341E-01  0.0047 1.29E-05 8.94E-06 -1.34E-05  9.860E+01
  116000   244.9183 2.112E-03 3.565E+01 -6.69E-01 2.165E+01  1.961E+00  4.08848E+01  2.340E-01  0.0047 1.33E-05 8.45E-06  2.56E-04  9.841E+01
  116500   245.9743 2.110E-03 3.565E+01 -6.69E-01 2.165E+01  1.961E+00  4.08880E+01  2.343E-01  0.0048 1.42E-05 8.80E-06 -7.20E-05  9.851E+01
  117000   247.0299 2.113E-03 3.565E+01 -6.69E-01 2.165E+01  1.961E+00  4.08926E+01  2.344E-01  0.0047 1.39E-05 8.05E-06  2.38E-04  9.838E+01
  117500   248.0850 2.108E-03 3.565E+01 -6.69E-01 2.164E+01  1.961E+00  4.08925E+01  2.342E-01  0.0049 1.38E-05 1.03E-05  3.85E-04  9.863E+01
  118000   249.1395 2.111E-03 3.565E+01 -6.69E-01 2.165E+01  1.961E+00  4.08877E+01  2.338E-01  0.0046 1.33E-05 8.15E-06 -2.24E-05  9.846E+01
  118500   250.1949 2.110E-03 3.565E+01 -6.69E-01 2.165E+01  1.961E+00  4.08911E+01  2.342E-01  0.0047 1.41E-05 8.29E-06  7.98E-05  9.851E+01
  119000   251.2495 2.111E-03 3.565E+01 -6.69E-01 2.165E+01  1.961E+00  4.08969E+01  2.341E-01  0.0045 1.18E-05 8.78E-06  8.39E-05  9.847E+01
  119500   252.3048 2.111E-03 3.565E+01 -6.69E-01 2.165E+01  1.961E+00  4.08957E+01  2.343E-01  0.0047 1.28E-05 9.25E-06  1.10E-04  9.847E+01
  120000   253.3592 2.110E-03 3.565E+01 -6.69E-01 2.165E+01  1.961E+00  4.08924E+01  2.339E-01  0.0049 1.47E-05 9.27E-06  1.16E-04  9.850E+01
  120500   254.4145 2.112E-03 3.565E+01 -6.69E-01 2.165E+01  1.961E+00  4.08956E+01  2.343E-01  0.0045 1.24E-05 8.01E-06  1.68E-04  9.844E+01
  121000   255.4698 2.109E-03 3.565E+01 -6.69E-01 2.165E+01  1.961E+00  4.08916E+01  2.342E-01  0.0048 1.45E-05 8.96E-06 -3.11E-05  9.856E+01
  121500   256.5257 2.110E-03 3.565E+01 -6.69E-01 2.165E+01  1.961E+00  4.08978E+01  2.343E-01  0.0047 1.32E-05 8.86E-06 -1.35E-04  9.854E+01
  122000   257.5811 2.109E-03 3.565E+01 -6.69E-01 2.165E+01  1.961E+00  4.08939E+01  2.339E-01  0.0047 1.39E-05 8.53E-06 -3.54E-04  9.856E+01
  122500   258.6357 2.110E-03 3.565E+01 -6.69E-01 2.165E+01  1.961E+00  4.08917E+01  2.338E-01  0.0049 1.50E-05 8.88E-06 -4.88E-04  9.850E+01
  123000   259.6909 2.110E-03 3.565E+01 -6.69E-01 2.165E+01  1.961E+00  4.09007E+01  2.343E-01  0.0048 1.42E-05 9.02E-06 -3.92E-04  9.852E+01
  123500   260.7467 2.110E-03 3.565E+01 -6.69E-01 2.165E+01  1.961E+00  4.08983E+01  2.341E-01  0.0048 1.28E-05 1.02E-05 -3.93E-04  9.850E+01
  124000   261.8021 2.109E-03 3.565E+01 -6.68E-01 2.165E+01  1.961E+00  4.08948E+01  2.342E-01  0.0048 1.45E-05 8.86E-06 -8.65E-05  9.856E+01
  124500   262.8569 2.107E-03 3.565E+01 -6.69E-01 2.165E+01  1.961E+00  4.08993E+01  2.344E-01  0.0049 1.43E-05 9.27E-06  3.75E-04  9.866E+01
  125000   263.9119 2.111E-03 3.565E+01 -6.69E-01 2.165E+01  1.961E+00  4.09005E+01  2.339E-01  0.0049 1.39E-05 9.89E-06  4.64E-04  9.849E+01
  125500   264.9670 2.105E-03 3.565E+01 -6.69E-01 2.165E+01  1.961E+00  4.09034E+01  2.343E-01  0.0049 1.44E-05 9.77E-06  5.05E-04  9.874E+01
  126000   266.0212 2.111E-03 3.565E+01 -6.69E-01 2.165E+01  1.961E+00  4.09097E+01  2.339E-01  0.0045 1.22E-05 8.26E-06  5.73E-04  9.846E+01
  126500   267.0763 2.110E-03 3.565E+01 -6.68E-01 2.165E+01  1.961E+00  4.09008E+01  2.338E-01  0.0047 1.32E-05 8.59E-06  1.31E-04  9.851E+01
  127000   268.1298 2.101E-03 3.565E+01 -6.69E-01 2.165E+01  1.961E+00  4.09102E+01  2.345E-01  0.0048 1.38E-05 9.68E-06 -4.91E-05  9.895E+01
  127500   269.1813 2.103E-03 3.565E+01 -6.69E-01 2.165E+01  1.961E+00  4.09097E+01  2.341E-01  0.0047 1.24E-05 9.29E-06 -2.57E-04  9.884E+01
  128000   270.2309 2.101E-03 3.565E+01 -6.69E-01 2.165E+01  1.961E+00  4.09121E+01  2.344E-01  0.0047 1.32E-05 9.33E-06 -3.47E-04  9.894E+01
  128500   271.2859 2.110E-03 3.565E+01 -6.69E-01 2.165E+01  1.961E+00  4.09114E+01  2.345E-01  0.0050 1.46E-05 1.07E-05 -9.54E-05  9.853E+01
  129000   272.3392 2.105E-03 3.565E+01 -6.69E-01 2.165E+01  1.961E+00  4.09119E+01  2.344E-01  0.0048 1.39E-05 9.07E-06  2.39E-04  9.877E+01
  129500   273.3931 2.110E-03 3.565E+01 -6.69E-01 2.165E+01  1.961E+00  4.09191E+01  2.347E-01  0.0047 1.35E-05 8.29E-06  1.26E-04  9.853E+01
  130000   274.4480 2.108E-03 3.565E+01 -6.69E-01 2.165E+01  1.961E+00  4.09105E+01  2.342E-01  0.0048 1.40E-05 8.66E-06 -2.79E-04  9.860E+01
  130500   275.5028 2.110E-03 3.565E+01 -6.69E-01 2.165E+01  1.961E+00  4.09156E+01  2.341E-01  0.0048 1.43E-05 8.97E-06 -1.10E-04  9.854E+01
  131000   276.5587 2.112E-03 3.565E+01 -6.68E-01 2.165E+01  1.961E+00  4.09099E+01  2.343E-01  0.0049 1.52E-05 9.00E-06 -1.52E-04  9.841E+01
  131500   277.6135 2.110E-03 3.565E+01 -6.69E-01 2.165E+01  1.961E+00  4.09160E+01  2.343E-01  0.0048 1.39E-05 9.15E-06  1.20E-04  9.852E+01
  132000   278.6684 2.112E-03 3.565E+01 -6.68E-01 2.165E+01  1.961E+00  4.09180E+01  2.343E-01  0.0047 1.32E-05 8.46E-06 -2.37E-04  9.842E+01
  132500   279.7236 2.112E-03 3.565E+01 -6.68E-01 2.165E+01  1.960E+00  4.09154E+01  2.340E-01  0.0049 1.49E-05 8.96E-06  3.41E-06  9.842E+01
  133000   280.7793 2.111E-03 3.565E+01 -6.68E-01 2.165E+01  1.960E+00  4.09176E+01  2.342E-01  0.0047 1.36E-05 8.82E-06 -1.04E-04  9.845E+01
  133500   281.8347 2.110E-03 3.565E+01 -6.68E-01 2.165E+01  1.960E+00  4.09191E+01  2.346E-01  0.0049 1.54E-05 8.90E-06 -3.41E-06  9.854E+01
  134000   282.8904 2.109E-03 3.565E+01 -6.68E-01 2.165E+01  1.960E+00  4.09186E+01  2.344E-01  0.0048 1.45E-05 8.85E-06 -2.22E-05  9.858E+01
  134500   283.9459 2.110E-03 3.565E+01 -6.68E-01 2.165E+01  1.960E+00  4.09187E+01  2.345E-01  0.0050 1.52E-05 9.65E-06 -1.27E-04  9.851E+01
  135000   285.0015 2.111E-03 3.565E+01 -6.69E-01 2.165E+01  1.960E+00  4.09212E+01  2.346E-01  0.0048 1.35E-05 9.58E-06  5.90E-05  9.846E+01
  135500   286.0569 2.107E-03 3.565E+01 -6.68E-01 2.165E+01  1.960E+00  4.09200E+01  2.346E-01  0.0051 1.62E-05 9.81E-06  3.17E-04  9.867E+01
  136000   287.1130 2.113E-03 3.565E+01 -6.69E-01 2.165E+01  1.960E+00  4.09289E+01  2.344E-01  0.0048 1.49E-05 7.88E-06  3.68E-04  9.836E+01
  136500   288.1685 2.109E-03 3.565E+01 -6.68E-01 2.165E+01  1.960E+00  4.09280E+01  2.346E-01  0.0049 1.51E-05 8.59E-06  3.60E-04  9.854E+01
  137000   289.2237 2.107E-03 3.565E+01 -6.68E-01 2.165E+01  1.960E+00  4.09249E+01  2.341E-01  0.0049 1.42E-05 9.87E-06  6.36E-04  9.867E+01
  137500   290.2787 2.113E-03 3.565E+01 -6.69E-01 2.165E+01  1.960E+00  4.09300E+01  2.346E-01  0.0048 1.43E-05 9.08E-06  2.52E-04  9.839E+01
  138000   291.3336 2.112E-03 3.565E+01 -6.68E-01 2.165E+01  1.960E+00  4.09282E+01  2.346E-01  0.0046 1.33E-05 8.30E-06 -4.15E-04  9.844E+01
  138500   292.3890 2.114E-03 3.565E+01 -6.68E-01 2.165E+01  1.960E+00  4.09343E+01  2.347E-01  0.0047 1.31E-05 8.85E-06 -6.22E-04  9.834E+01
  139000   293.4446 2.113E-03 3.565E+01 -6.68E-01 2.165E+01  1.960E+00  4.09309E+01  2.345E-01  0.0047 1.41E-05 8.41E-06 -6.16E-04  9.838E+01
  139500   294.5002 2.111E-03 3.565E+01 -6.68E-01 2.165E+01  1.960E+00  4.09305E+01  2.344E-01  0.0045 1.26E-05 8.08E-06 -2.89E-04  9.846E+01
  140000   295.5557 2.109E-03 3.565E+01 -6.68E-01 2.165E+01  1.960E+00  4.09375E+01  2.346E-01  0.0050 1.53E-05 9.48E-06  2.70E-04  9.856E+01
  140500   296.6114 2.111E-03 3.565E+01 -6.68E-01 2.165E+01  1.960E+00  4.09289E+01  2.345E-01  0.0046 1.31E-05 7.98E-06  2.16E-04  9.849E+01
  141000   297.6673 2.114E-03 3.565E+01 -6.68E-01 2.165E+01  1.960E+00  4.09343E+01  2.345E-01  0.0046 1.27E-05 8.67E-06  1.85E-04  9.834E+01
  141500   298.7230 2.113E-03 3.565E+01 -6.68E-01 2.165E+01  1.960E+00  4.09325E+01  2.345E-01  0.0047 1.31E-05 8.88E-06  3.10E-04  9.837E+01
