-2.827430 5.235983 -2.094393
-2.815110 5.225717 -2.090287
-2.802790 5.215450 -2.086180
-2.790470 5.205183 -2.082073
-2.778150 5.194917 -2.077967
-2.765830 5.184650 -2.073860
-2.753510 5.174384 -2.069753
-2.741190 5.164117 -2.065647
-2.728870 5.153850 -2.061540
-2.716550 5.143584 -2.057433
-2.704230 5.133317 -2.053327
-2.691910 5.123050 -2.049220
-2.679590 5.112784 -2.045113
-2.667271 5.102517 -2.041007
-2.654951 5.092250 -2.036900
-2.642631 5.081984 -2.032794
-2.630311 5.071717 -2.028687
-2.617991 5.061451 -2.024580
-2.605671 5.051184 -2.020474
-2.593351 5.040917 -2.016367
-2.581031 5.030651 -2.012260
-2.568711 5.020384 -2.008154
-2.556391 5.010117 -2.004047
-2.544071 4.999851 -1.999940
-2.531751 4.989584 -1.995834
-2.519431 4.979317 -1.991727
-2.507111 4.969051 -1.987620
-2.494791 4.958784 -1.983514
-2.482471 4.948518 -1.979407
-2.470151 4.938251 -1.975300
-2.457831 4.927984 -1.971194
-2.445511 4.917718 -1.967087
-2.433191 4.907451 -1.962980
-2.420871 4.897184 -1.958874
-2.408551 4.886918 -1.954767
-2.396231 4.876651 -1.950660
-2.383911 4.866385 -1.946554
-2.371591 4.856118 -1.942447
-2.359271 4.845851 -1.938340
-2.346952 4.835585 -1.934234
-2.334632 4.825318 -1.930127
-2.322312 4.815051 -1.926021
-2.309992 4.804785 -1.921914
-2.297672 4.794518 -1.917807
-2.285352 4.784251 -1.913701
-2.273032 4.773985 -1.909594
-2.260712 4.763718 -1.905487
-2.248392 4.753452 -1.901381
-2.236072 4.743185 -1.897274
-2.223752 4.732918 -1.893167
-2.211432 4.722652 -1.889061
-2.199112 4.712385 -1.884954
-2.186792 4.702118 -1.880847
-2.174472 4.691852 -1.876741
-2.162152 4.681585 -1.872634
-2.149832 4.671318 -1.868527
-2.137512 4.661052 -1.864421
-2.125192 4.650785 -1.860314
-2.112872 4.640519 -1.856207
-2.100552 4.630252 -1.852101
-2.088232 4.619985 -1.847994
-2.075912 4.609719 -1.843887
-2.063592 4.599452 -1.839781
-2.051272 4.589185 -1.835674
-2.038953 4.578919 -1.831568
-2.026633 4.568652 -1.827461
-2.014313 4.558385 -1.823354
-2.001993 4.548119 -1.819248
-1.989673 4.537852 -1.815141
-1.977353 4.527586 -1.811034
-1.965033 4.517319 -1.806928
-1.952713 4.507052 -1.802821
-1.940393 4.496786 -1.798714
-1.928073 4.486519 -1.794608
-1.915753 4.476252 -1.790501
-1.903433 4.465986 -1.786394
-1.891113 4.455719 -1.782288
-1.878793 4.445453 -1.778181
-1.866473 4.435186 -1.774074
-1.854153 4.424919 -1.769968
-1.841833 4.414653 -1.765861
-1.829513 4.404386 -1.761754
-1.817193 4.394119 -1.757648
-1.804873 4.383853 -1.753541
-1.792553 4.373586 -1.749434
-1.780233 4.363319 -1.745328
-1.767913 4.353053 -1.741221
-1.755593 4.342786 -1.737114
-1.743273 4.332520 -1.733008
-1.730953 4.322253 -1.728901
-1.718634 4.311986 -1.724795
-1.706314 4.301720 -1.720688
-1.693994 4.291453 -1.716581
-1.681674 4.281186 -1.712475
-1.669354 4.270920 -1.708368
-1.657034 4.260653 -1.704261
-1.644714 4.250386 -1.700155
-1.632394 4.240120 -1.696048
-1.620074 4.229853 -1.691941
-1.607754 4.219587 -1.687835
-1.595434 4.209320 -1.683728
-1.583114 4.199053 -1.679621
-1.570794 4.188787 -1.675515
-1.558474 4.178520 -1.671408
-1.546154 4.168253 -1.667301
-1.533834 4.157987 -1.663195
-1.521514 4.147720 -1.659088
-1.509194 4.137453 -1.654981
-1.496874 4.127187 -1.650875
-1.484554 4.116920 -1.646768
-1.472234 4.106654 -1.642661
-1.459914 4.096387 -1.638555
-1.447594 4.086120 -1.634448
-1.435274 4.075854 -1.630341
-1.422954 4.065587 -1.626235
-1.410635 4.055320 -1.622128
-1.398315 4.045054 -1.618022
-1.385995 4.034787 -1.613915
-1.373675 4.024521 -1.609808
-1.361355 4.014254 -1.605702
-1.349035 4.003987 -1.601595
-1.336715 3.993721 -1.597488
-1.324395 3.983454 -1.593382
-1.312075 3.973187 -1.589275
-1.299755 3.962921 -1.585168
-1.287435 3.952654 -1.581062
-1.275115 3.942387 -1.576955
-1.262795 3.932121 -1.572848
-1.250475 3.921854 -1.568742
-1.238155 3.911588 -1.564635
-1.225835 3.901321 -1.560528
-1.213515 3.891054 -1.556422
-1.201195 3.880788 -1.552315
-1.188875 3.870521 -1.548208
-1.176555 3.860254 -1.544102
-1.164235 3.849988 -1.539995
-1.151915 3.839721 -1.535888
-1.139595 3.829454 -1.531782
-1.127275 3.819188 -1.527675
-1.114955 3.808921 -1.523568
-1.102635 3.798655 -1.519462
-1.090316 3.788388 -1.515355
-1.077996 3.778121 -1.511249
-1.065676 3.767855 -1.507142
-1.053356 3.757588 -1.503035
-1.041036 3.747321 -1.498929
-1.028716 3.737055 -1.494822
-1.016396 3.726788 -1.490715
-1.004076 3.716522 -1.486609
-0.991756 3.706255 -1.482502
-0.979436 3.695988 -1.478395
-0.967116 3.685722 -1.474289
-0.954796 3.675455 -1.470182
-0.942476 3.665188 -1.466075
-0.930156 3.654922 -1.461969
-0.917836 3.644655 -1.457862
-0.905516 3.634388 -1.453755
-0.893196 3.624122 -1.449649
-0.880876 3.613855 -1.445542
-0.868556 3.603589 -1.441435
-0.856236 3.593322 -1.437329
-0.843916 3.583055 -1.433222
-0.831596 3.572789 -1.429115
-0.819276 3.562522 -1.425009
-0.806956 3.552255 -1.420902
-0.794636 3.541989 -1.416795
-0.782317 3.531722 -1.412689
-0.769997 3.521455 -1.408582
-0.757677 3.511189 -1.404476
-0.745357 3.500922 -1.400369
-0.733037 3.490656 -1.396262
-0.720717 3.480389 -1.392156
-0.708397 3.470122 -1.388049
-0.696077 3.459856 -1.383942
-0.683757 3.449589 -1.379836
-0.671437 3.439322 -1.375729
-0.659117 3.429056 -1.371622
-0.646797 3.418789 -1.367516
-0.634477 3.408522 -1.363409
-0.622157 3.398256 -1.359302
-0.609837 3.387989 -1.355196
-0.597517 3.377723 -1.351089
-0.585197 3.367456 -1.346982
-0.572877 3.357189 -1.342876
-0.560557 3.346923 -1.338769
-0.548237 3.336656 -1.334662
-0.535917 3.326389 -1.330556
-0.523597 3.316123 -1.326449
-0.511277 3.305856 -1.322342
-0.498957 3.295590 -1.318236
-0.486637 3.285323 -1.314129
-0.474317 3.275056 -1.310022
-0.461998 3.264790 -1.305916
-0.449678 3.254523 -1.301809
-0.437358 3.244256 -1.297703
-0.425038 3.233990 -1.293596
-0.412718 3.223723 -1.289489
-0.400398 3.213456 -1.285383
-0.388078 3.203190 -1.281276
-0.375758 3.192923 -1.277169
-0.363438 3.182657 -1.273063
-0.351118 3.172390 -1.268956
-0.338798 3.162123 -1.264849
-0.326478 3.151857 -1.260743
-0.314158 3.141590 -1.256636
-0.301838 3.131323 -1.252529
-0.289518 3.121057 -1.248423
-0.277198 3.110790 -1.244316
-0.264878 3.100523 -1.240209
-0.252558 3.090256 -1.236102
-0.240238 3.079989 -1.231995
-0.227918 3.069720 -1.227886
-0.215598 3.059449 -1.223775
-0.203278 3.049172 -1.219658
-0.190958 3.038883 -1.215528
-0.178638 3.028564 -1.211369
-0.166318 3.018179 -1.207143
-0.153999 3.007643 -1.202765
-0.141679 2.996766 -1.198042
-0.129359 2.985111 -1.192536
-0.117039 2.971696 -1.185257
-0.104719 2.954315 -1.173979
-0.092399 2.928089 -1.153785
-0.080079 2.882604 -1.114178
-0.067759 2.797288 -1.034425
-0.055439 2.637797 -0.879909
-0.043119 2.364608 -0.610782
-0.030799 1.965647 -0.214772
-0.018479 1.488961 0.259986
-0.006159 1.028445 0.719294
0.006161 0.668985 1.077960
0.018481 0.439238 1.307120
0.030801 0.313923 1.431944
0.043121 0.252128 1.493294
0.055441 0.223141 1.521855
0.067761 0.209711 1.534867
0.080081 0.203361 1.540804
0.092401 0.200173 1.543579
0.104721 0.198385 1.544956
0.117041 0.197215 1.545715
0.129361 0.196317 1.546203
0.141681 0.195538 1.546571
0.154001 0.194812 1.546886
0.166320 0.194110 1.547178
0.178640 0.193417 1.547459
0.190960 0.192729 1.547737
0.203280 0.192043 1.548012
0.215600 0.191358 1.548287
0.227920 0.190673 1.548561
0.240240 0.189989 1.548835
0.252560 0.189304 1.549108
0.264880 0.188620 1.549382
0.277200 0.187935 1.549656
0.289520 0.187251 1.549930
0.301840 0.186566 1.550204
0.314160 0.185882 1.550477
